projects/misc_Rabin2020/input_data/FPU.asc
NCOLS 720 
NROWS 360 
XLLCORNER -180 
YLLCORNER -90 
CELLSIZE 0.5 
NODATA_value -9999 
[rows 148 to 184 of 360, columns 328 to 409 of 720]
211 211 211 211 211 211 210 210 210 210 210 210 210 210 210 210 210 210 210 210 210 143 143 143 143 143 143 143 143 143 143 143 143 143 143 143 143 143 143 143 144 144 144 144 144 144 144 144 144 144 115 115 115 115 115 115 115 115 115 115 115 196 196 196 196 196 196 114 114 114 196 196 196 196 196 196 196 196 196 196 203 203
211 211 211 211 211 211 210 210 209 209 209 209 209 209 209 209 209 209 209 209 209 143 143 143 143 143 143 143 143 143 143 143 143 143 143 144 144 144 144 144 144 144 144 144 144 144 144 144 144 144 144 115 115 115 115 115 115 115 115 115 114 114 114 196 114 114 114 114 114 196 196 196 196 196 196 196 196 196 203 203 203 203
257 211 211 211 211 211 211 211 209 209 209 209 209 209 209 209 209 209 209 209 209 209 143 143 143 143 143 143 143 143 138 138 144 144 144 144 144 144 144 144 144 144 144 144 144 144 144 144 144 144 144 144 144 115 115 115 115 115 115 114 114 114 114 114 114 114 114 114 114 114 196 196 196 196 196 196 196 203 203 203 203 203
257 257 257 257 211 211 211 211 209 209 209 209 209 209 209 209 209 209 209 209 143 143 143 143 250 250 250 143 138 138 138 138 138 144 144 144 144 144 144 144 144 144 144 144 144 144 144 144 144 144 144 144 144 144 144 144 115 115 115 114 114 114 114 114 114 114 114 114 114 114 196 196 196 196 196 196 196 203 203 203 203 203
257 252 257 257 257 211 211 211 209 209 209 209 209 209 209 209 209 209 143 143 143 143 143 250 250 250 247 247 247 138 138 138 138 144 144 144 144 144 144 144 144 144 297 297 144 144 144 144 144 144 144 144 144 144 144 144 144 144 115 114 114 114 114 114 114 114 114 196 196 196 196 196 196 196 196 196 203 203 203 203 203 203
257 257 257 257 257 211 211 211 211 209 209 209 209 209 209 209 143 143 143 143 143 143 143 250 247 247 247 247 247 247 138 138 138 138 144 144 144 144 144 144 297 297 297 297 297 144 144 297 144 144 144 144 296 296 296 296 144 296 116 116 114 114 114 114 114 196 196 196 196 196 196 196 196 196 196 196 203 203 203 203 203 203
257 257 257 257 257 211 211 211 211 209 209 209 209 209 209 143 143 143 143 143 143 143 143 247 247 247 247 247 247 247 138 138 138 138 138 144 144 144 144 144 297 297 297 297 297 297 297 297 296 296 296 296 296 296 296 296 296 116 116 116 112 114 114 114 114 114 196 196 196 196 196 196 196 196 196 196 149 149 149 149 149 149
254 254 254 254 208 208 208 208 208 209 209 209 209 208 209 143 143 143 143 143 143 143 143 247 247 247 247 247 247 247 138 247 138 138 138 138 144 137 144 297 297 297 297 297 297 297 297 297 296 296 296 296 296 296 296 296 296 296 116 116 116 112 114 114 114 114 114 196 196 196 196 196 196 114 114 114 114 149 149 149 149 149
254 254 254 254 208 208 208 208 208 208 208 141 208 141 143 143 143 143 143 143 143 143 247 247 247 247 247 247 247 247 247 247 247 247 247 138 138 137 137 297 297 297 297 297 297 297 297 296 296 296 296 296 296 296 296 296 296 116 116 116 116 112 114 114 114 114 114 196 196 114 114 114 114 114 114 114 114 149 149 149 149 149
254 254 208 208 208 208 208 208 208 141 141 141 141 141 141 143 143 143 143 143 143 247 247 247 247 247 247 247 247 247 247 247 247 247 246 246 137 137 137 297 297 297 297 297 297 297 297 297 296 296 296 296 296 296 296 296 116 116 116 116 112 112 114 114 114 114 114 114 114 114 114 114 114 114 114 114 114 114 149 149 149 149
-9999 208 208 208 208 208 208 208 208 141 141 141 141 141 141 143 143 143 143 143 143 247 247 247 247 247 248 248 248 248 248 248 251 251 246 137 137 137 137 137 297 297 297 297 297 297 297 297 297 296 296 296 296 296 296 296 116 116 116 139 139 112 114 114 114 114 114 114 114 114 114 114 114 114 114 114 113 113 149 149 149 149
-9999 -9999 208 208 208 208 208 208 208 141 141 141 141 141 141 141 142 142 142 142 249 249 247 247 247 247 248 248 248 248 248 248 248 251 246 246 137 137 137 297 297 297 297 297 297 297 297 297 297 297 296 296 296 296 296 296 296 116 116 139 139 139 112 114 114 114 114 114 114 114 114 114 114 114 114 113 113 113 57 149 149 149
-9999 -9999 -9999 -9999 208 208 208 258 258 258 141 141 141 141 141 141 142 142 249 249 249 249 249 247 249 249 248 248 248 248 248 248 248 251 251 246 246 246 137 297 297 297 297 297 297 297 297 297 297 297 296 296 296 296 296 296 296 296 139 139 140 140 140 114 114 114 114 114 114 114 114 114 114 114 113 113 113 113 113 149 149 149
-9999 -9999 -9999 -9999 -9999 208 258 258 258 258 258 141 141 141 141 141 255 255 249 249 249 249 249 249 249 249 249 248 248 248 248 248 248 251 251 246 246 246 297 297 297 297 297 297 297 297 297 296 296 296 296 296 296 296 296 296 296 296 139 139 139 140 140 140 114 114 114 114 114 114 114 114 114 113 113 113 113 113 57 149 149 149
-9999 -9999 -9999 -9999 -9999 258 258 258 258 258 258 253 253 253 141 253 255 255 249 249 249 249 249 249 249 249 249 248 248 248 248 248 248 251 251 246 246 246 298 298 297 297 297 297 297 297 297 296 296 296 296 296 296 296 296 296 296 139 139 139 139 139 140 114 114 114 114 114 114 114 113 113 113 113 113 113 113 113 57 149 149 149
-9999 -9999 -9999 -9999 -9999 258 258 258 258 258 258 256 256 253 253 253 255 255 249 249 249 249 249 249 249 249 249 248 248 248 248 248 248 251 251 246 246 298 298 298 298 297 297 297 297 297 296 296 296 296 296 296 296 296 296 296 296 139 139 139 139 139 42 114 114 114 114 114 114 114 113 113 113 113 113 113 57 57 57 57 57 149
-9999 -9999 -9999 -9999 -9999 -9999 258 258 258 258 258 256 256 253 253 253 255 255 255 249 249 249 249 249 249 249 248 248 248 248 248 248 248 251 251 246 246 298 298 298 298 298 297 298 298 298 296 296 296 296 296 296 296 296 296 296 139 139 139 139 42 42 42 114 114 114 113 113 113 113 113 113 113 113 113 57 57 57 57 57 57 57
-9999 -9999 -9999 -9999 -9999 -9999 258 258 258 258 256 256 256 256 256 255 255 255 255 249 249 249 249 249 249 249 248 248 248 248 248 248 248 251 251 246 246 246 298 298 298 298 298 298 298 298 298 298 298 298 296 296 296 296 296 296 42 139 42 42 42 42 42 113 113 113 113 113 113 113 113 113 113 113 113 57 57 57 57 57 57 57
-9999 -9999 -9999 -9999 -9999 -9999 -9999 -9999 258 256 256 256 256 256 256 255 255 255 255 255 249 249 249 249 249 249 248 248 248 248 248 248 248 251 251 246 246 246 298 298 298 298 298 298 298 298 298 298 298 298 296 296 42 42 296 42 42 42 42 42 42 42 113 113 113 113 113 113 113 113 113 113 57 113 113 57 57 57 57 57 57 57
-9999 -9999 -9999 -9999 -9999 -9999 -9999 -9999 -9999 -9999 256 256 256 256 256 256 255 255 255 255 255 249 249 249 249 249 248 248 248 248 248 248 248 248 251 251 246 246 298 298 298 298 298 298 298 298 298 298 298 298 298 42 42 42 42 42 42 42 42 42 42 43 113 113 113 113 113 113 113 57 57 57 57 57 57 57 57 57 57 57 57 57
-9999 -9999 -9999 -9999 -9999 -9999 -9999 -9999 -9999 -9999 -9999 256 256 256 256 256 256 255 255 255 255 255 249 249 249 249 248 248 248 248 248 248 248 248 -9999 -9999 -9999 -9999 -9999 -9999 -9999 298 298 298 298 298 298 298 298 298 42 42 42 42 42 42 42 42 42 42 42 43 43 57 113 113 57 57 113 57 57 57 57 57 57 57 57 57 57 57 57 57
-9999 -9999 -9999 -9999 -9999 -9999 -9999 -9999 -9999 -9999 -9999 -9999 256 256 256 256 256 255 255 255 255 255 249 249 249 249 248 248 248 248 248 248 -9999 -9999 -9999 -9999 -9999 -9999 -9999 -9999 -9999 -9999 298 298 298 298 298 298 298 298 42 42 42 42 42 42 42 42 42 42 42 43 43 43 57 57 57 57 57 57 57 57 57 57 57 57 57 57 57 57 57 57
-9999 -9999 -9999 -9999 -9999 -9999 -9999 -9999 -9999 -9999 -9999 -9999 -9999 -9999 256 256 256 255 255 255 -9999 -9999 -9999 -9999 -9999 -9999 248 248 248 -9999 -9999 -9999 -9999 -9999 -9999 -9999 -9999 -9999 -9999 -9999 -9999 -9999 298 298 298 298 298 298 298 42 42 42 42 42 42 42 42 42 42 42 42 43 43 43 57 57 57 57 57 57 59 59 59 57 57 57 57 57 57 59 59 59
-9999 -9999 -9999 -9999 -9999 -9999 -9999 -9999 -9999 -9999 -9999 -9999 -9999 -9999 -9999 -9999 256 255 -9999 -9999 -9999 -9999 -9999 -9999 -9999 -9999 -9999 -9999 -9999 -9999 -9999 -9999 -9999 -9999 -9999 -9999 -9999 -9999 -9999 -9999 -9999 -9999 -9999 298 298 298 298 -9999 -9999 42 42 42 42 42 42 42 42 42 42 42 42 42 43 43 43 57 57 57 57 59 59 59 59 59 59 59 57 59 59 59 59 59
-9999 -9999 -9999 -9999 -9999 -9999 -9999 -9999 -9999 -9999 -9999 -9999 -9999 -9999 -9999 -9999 -9999 -9999 -9999 -9999 -9999 -9999 -9999 -9999 -9999 -9999 -9999 -9999 -9999 -9999 -9999 -9999 -9999 -9999 -9999 -9999 -9999 -9999 -9999 -9999 -9999 -9999 -9999 -9999 -9999 -9999 -9999 -9999 -9999 42 42 42 42 42 42 42 42 42 42 42 42 42 43 43 57 57 57 57 57 59 59 59 59 59 59 59 59 59 59 59 59 59
-9999 -9999 -9999 -9999 -9999 -9999 -9999 -9999 -9999 -9999 -9999 -9999 -9999 -9999 -9999 -9999 -9999 -9999 -9999 -9999 -9999 -9999 -9999 -9999 -9999 -9999 -9999 -9999 -9999 -9999 -9999 -9999 -9999 -9999 -9999 -9999 -9999 -9999 -9999 -9999 -9999 -9999 -9999 -9999 -9999 -9999 -9999 -9999 42 42 -9999 42 42 42 42 42 42 42 42 42 42 42 42 43 43 58 58 58 58 59 59 59 59 59 59 59 59 59 59 59 59 59
-9999 -9999 -9999 -9999 -9999 -9999 -9999 -9999 -9999 -9999 -9999 -9999 -9999 -9999 -9999 -9999 -9999 -9999 -9999 -9999 -9999 -9999 -9999 -9999 -9999 -9999 -9999 -9999 -9999 -9999 -9999 -9999 -9999 -9999 -9999 -9999 -9999 -9999 -9999 -9999 -9999 -9999 -9999 -9999 -9999 -9999 -9999 -9999 -9999 -9999 -9999 42 42 42 42 42 42 42 42 42 42 42 42 42 43 58 58 58 58 59 59 59 59 59 59 59 59 59 59 59 59 59
-9999 -9999 -9999 -9999 -9999 -9999 -9999 -9999 -9999 -9999 -9999 -9999 -9999 -9999 -9999 -9999 -9999 -9999 -9999 -9999 -9999 -9999 -9999 -9999 -9999 -9999 -9999 -9999 -9999 -9999 -9999 -9999 -9999 -9999 -9999 -9999 -9999 -9999 -9999 -9999 -9999 -9999 -9999 -9999 -9999 -9999 -9999 -9999 -9999 -9999 -9999 42 42 42 42 46 46 -9999 42 42 42 42 42 42 58 58 58 58 59 59 59 59 59 59 59 59 59 59 59 59 59 59
-9999 -9999 -9999 -9999 -9999 -9999 -9999 -9999 -9999 -9999 -9999 -9999 -9999 -9999 -9999 -9999 -9999 -9999 -9999 -9999 -9999 -9999 -9999 -9999 -9999 -9999 -9999 -9999 -9999 -9999 -9999 -9999 -9999 -9999 -9999 -9999 -9999 -9999 -9999 -9999 -9999 -9999 -9999 -9999 -9999 -9999 46 -9999 -9999 -9999 -9999 45 45 45 45 46 46 46 58 58 58 58 58 58 58 58 58 58 59 59 59 59 59 59 59 59 59 59 59 59 59 59
-9999 -9999 -9999 -9999 -9999 -9999 -9999 -9999 -9999 -9999 -9999 -9999 -9999 -9999 -9999 -9999 -9999 -9999 -9999 -9999 -9999 -9999 -9999 -9999 -9999 -9999 -9999 -9999 -9999 -9999 -9999 -9999 -9999 -9999 -9999 -9999 -9999 -9999 -9999 -9999 -9999 -9999 -9999 -9999 -9999 -9999 -9999 -9999 -9999 -9999 45 45 45 45 45 46 46 46 46 46 58 58 58 58 58 58 58 58 59 59 59 59 59 59 59 59 59 59 59 59 59 59
-9999 -9999 -9999 -9999 -9999 -9999 -9999 -9999 -9999 -9999 -9999 -9999 -9999 -9999 -9999 -9999 -9999 -9999 -9999 -9999 -9999 -9999 -9999 -9999 -9999 -9999 -9999 -9999 -9999 -9999 -9999 -9999 -9999 -9999 -9999 -9999 -9999 -9999 -9999 -9999 -9999 -9999 -9999 -9999 -9999 -9999 -9999 -9999 -9999 -9999 46 46 46 46 46 46 46 46 46 46 46 58 58 58 58 58 58 58 59 59 59 59 59 59 59 59 59 59 59 59 59 59
-9999 -9999 -9999 -9999 -9999 -9999 -9999 -9999 -9999 -9999 -9999 -9999 -9999 -9999 -9999 -9999 -9999 -9999 -9999 -9999 -9999 -9999 -9999 -9999 -9999 -9999 -9999 -9999 -9999 -9999 -9999 -9999 -9999 -9999 -9999 -9999 -9999 -9999 -9999 -9999 -9999 -9999 -9999 -9999 46 46 -9999 -9999 -9999 -9999 46 46 46 46 46 46 46 46 46 46 58 58 58 58 58 58 58 58 59 59 59 59 59 59 59 59 59 59 59 59 59 59
-9999 -9999 -9999 -9999 -9999 -9999 -9999 -9999 -9999 -9999 -9999 -9999 -9999 -9999 -9999 -9999 -9999 -9999 -9999 -9999 -9999 -9999 -9999 -9999 -9999 -9999 -9999 -9999 -9999 -9999 -9999 -9999 -9999 -9999 -9999 -9999 -9999 -9999 -9999 -9999 -9999 -9999 -9999 -9999 -9999 -9999 -9999 -9999 -9999 -9999 46 46 46 46 46 46 46 46 46 46 58 58 58 58 58 58 58 59 59 59 59 59 59 59 59 59 59 59 59 59 59 59
-9999 -9999 -9999 -9999 -9999 -9999 -9999 -9999 -9999 -9999 -9999 -9999 -9999 -9999 -9999 -9999 -9999 -9999 -9999 -9999 -9999 -9999 -9999 -9999 -9999 -9999 -9999 -9999 -9999 -9999 -9999 -9999 -9999 -9999 -9999 -9999 -9999 -9999 -9999 -9999 -9999 -9999 -9999 -9999 -9999 -9999 -9999 -9999 -9999 46 46 46 46 46 46 46 46 46 46 46 46 58 58 58 58 58 58 59 59 59 59 59 59 59 59 59 59 59 59 59 59 59
-9999 -9999 -9999 -9999 -9999 -9999 -9999 -9999 -9999 -9999 -9999 -9999 -9999 -9999 -9999 -9999 -9999 -9999 -9999 -9999 -9999 -9999 -9999 -9999 -9999 -9999 -9999 -9999 -9999 -9999 -9999 -9999 -9999 -9999 -9999 -9999 -9999 -9999 -9999 -9999 -9999 -9999 -9999 -9999 -9999 -9999 -9999 -9999 -9999 46 46 46 46 46 46 46 46 46 46 46 46 58 58 58 58 58 59 59 59 59 59 59 59 59 59 59 59 59 59 59 59 59
-9999 -9999 -9999 -9999 -9999 -9999 -9999 -9999 -9999 -9999 -9999 -9999 -9999 -9999 -9999 -9999 -9999 -9999 -9999 -9999 -9999 -9999 -9999 -9999 -9999 -9999 -9999 -9999 -9999 -9999 -9999 -9999 -9999 -9999 -9999 -9999 -9999 -9999 -9999 -9999 -9999 -9999 -9999 -9999 -9999 -9999 -9999 -9999 -9999 -9999 46 46 46 46 46 46 46 46 46 46 46 58 58 58 58 59 59 59 59 59 59 59 59 59 59 59 59 59 59 59 59 59
-9999 -9999 -9999 -9999 -9999 -9999 -9999 -9999 -9999 -9999 -9999 -9999 -9999 -9999 -9999 -9999 -9999 -9999 -9999 -9999 -9999 -9999 -9999 -9999 -9999 -9999 -9999 -9999 -9999 -9999 -9999 -9999 -9999 -9999 -9999 -9999 -9999 -9999 -9999 -9999 -9999 -9999 -9999 -9999 -9999 -9999 -9999 -9999 -9999 -9999 -9999 46 46 46 46 46 46 44 46 46 58 58 58 58 59 59 59 59 59 59 59 59 59 59 59 59 59 59 59 59 59 59
