projects/misc_Rabin2020/input_data/FPU.asc
NCOLS 720 
NROWS 360 
XLLCORNER -180 
YLLCORNER -90 
CELLSIZE 0.5 
NODATA_value -9999 
[rows 111 to 147 of 360, columns 492 to 573 of 720]
259 259 259 259 14 14 14 14 14 14 292 292 292 292 292 292 103 103 103 118 118 118 118 118 118 118 117 117 117 117 117 117 266 266 266 266 266 266 117 117 117 117 117 117 266 266 266 266 266 279 279 279 279 279 279 279 279 279 279 279 279 279 289 289 289 289 289 289 289 289 289 289 289 289 279 279 279 279 279 279 279 288
259 259 259 259 259 14 14 14 292 292 292 292 292 292 292 292 103 103 103 103 118 118 118 118 118 118 117 117 117 117 117 117 117 266 266 117 117 117 117 117 117 117 117 117 117 117 117 117 117 117 279 279 279 279 279 279 279 117 279 279 279 279 279 279 279 289 289 289 289 289 289 289 289 289 279 279 279 279 279 279 279 279
259 259 259 259 259 259 14 14 292 292 292 292 292 292 292 292 103 103 103 103 103 103 103 118 118 118 117 117 117 117 117 117 117 117 117 117 117 117 117 117 117 117 117 117 117 117 117 117 117 117 117 279 279 279 279 279 117 117 117 117 279 279 279 279 279 279 279 289 279 279 289 289 289 289 289 279 279 279 279 279 281 281
259 259 259 259 259 259 259 292 292 292 292 292 292 292 292 292 292 103 103 103 103 103 103 103 103 103 118 117 117 117 117 117 117 117 117 117 117 117 117 117 117 117 117 117 117 117 117 117 117 117 117 117 279 117 279 279 279 117 117 117 117 117 279 279 279 279 279 279 279 279 279 279 289 289 279 279 279 279 279 279 279 281
259 259 259 259 259 259 259 261 261 292 292 292 292 292 292 292 292 292 103 103 103 103 103 103 103 102 102 117 117 117 117 117 117 117 117 117 117 117 117 117 117 117 117 117 117 117 117 117 117 117 117 117 117 117 117 117 117 117 117 117 117 117 117 117 279 279 279 279 279 279 279 279 289 279 279 279 279 279 279 279 279 279
259 259 259 259 261 259 261 261 261 292 292 292 292 292 292 292 292 103 103 103 103 103 103 103 103 102 102 102 117 117 117 117 117 117 117 117 117 117 117 117 117 117 117 117 117 117 117 117 117 117 117 117 117 117 117 117 117 117 117 117 117 117 117 117 279 279 279 279 279 279 279 279 279 279 279 279 279 279 279 279 279 279
259 259 259 261 261 261 261 292 292 292 292 292 292 292 292 292 292 103 103 103 103 103 103 286 286 286 102 102 102 102 117 117 117 117 117 117 117 117 117 117 117 117 117 117 117 117 117 117 117 117 117 117 117 117 117 117 117 117 117 117 117 117 117 279 279 279 279 279 279 279 279 279 279 279 279 279 279 279 279 279 279 279
259 261 261 261 261 261 292 292 292 292 292 292 292 292 292 292 103 103 103 103 103 103 286 286 286 286 286 286 102 102 102 102 102 102 117 117 117 117 117 117 117 117 117 117 117 117 117 117 117 117 117 117 33 33 33 33 33 117 117 117 117 117 117 117 279 279 279 279 279 279 279 279 279 279 279 279 279 279 279 279 279 279
259 261 293 293 293 293 293 292 292 292 292 292 292 292 292 292 103 103 103 103 103 103 286 286 286 286 286 286 286 286 102 87 102 102 102 102 117 33 117 117 33 33 117 117 33 33 33 117 33 33 33 33 33 33 33 33 33 33 33 33 117 117 117 117 117 279 279 279 279 279 279 279 279 279 279 279 279 279 279 279 279 279
261 293 293 293 293 293 293 293 293 292 292 292 292 292 292 103 103 103 103 103 103 286 286 286 286 286 286 286 286 87 87 87 87 87 102 102 102 102 33 33 33 33 33 33 33 33 33 33 33 33 33 33 33 33 33 33 33 33 33 33 33 33 117 117 117 279 279 279 279 279 279 279 279 279 279 279 279 279 279 279 279 279
261 293 293 293 293 293 293 293 293 293 292 292 292 292 103 103 103 103 103 103 103 286 286 286 286 286 286 286 87 87 87 87 87 87 87 102 102 102 102 102 33 33 33 33 33 33 33 33 33 33 33 33 33 33 33 33 33 33 33 34 33 33 33 117 117 117 279 279 279 279 279 279 279 279 279 279 279 279 279 279 279 279
261 293 293 293 293 293 293 293 293 293 293 293 293 103 103 103 103 103 103 103 286 286 286 286 286 286 286 286 87 87 87 87 87 87 87 87 87 102 102 86 86 86 86 86 33 33 33 33 33 33 33 33 33 33 33 33 34 34 34 34 34 33 33 117 117 117 279 279 279 279 279 279 279 279 279 279 279 279 279 279 279 279
261 293 293 293 293 293 293 293 293 293 293 293 103 103 103 103 103 103 103 286 286 286 286 286 286 286 286 286 286 286 286 87 87 87 87 87 87 87 87 86 86 86 86 86 86 86 33 33 33 33 33 33 33 33 34 34 34 34 34 34 34 34 34 226 117 117 279 279 279 279 279 279 279 279 279 279 279 279 279 279 279 279
261 293 293 293 293 293 293 293 103 103 103 103 103 103 103 103 103 103 103 285 285 285 285 286 286 286 286 286 286 286 286 286 286 87 87 87 87 87 87 87 87 87 87 87 34 34 32 32 32 32 32 34 34 34 34 34 34 34 34 34 34 34 226 226 226 117 117 279 279 279 279 279 279 279 279 279 279 279 279 279 279 279
261 293 293 293 293 293 293 103 103 103 103 103 126 103 103 103 103 103 285 285 285 285 285 286 286 286 286 286 286 286 286 286 286 286 286 286 287 87 87 87 87 87 87 87 34 34 32 32 32 32 32 32 34 34 34 34 34 34 34 34 226 226 226 226 226 117 117 279 279 279 279 279 279 279 279 279 279 279 279 279 279 279
261 293 293 293 293 293 293 103 103 103 126 126 126 126 126 126 103 285 285 285 285 285 285 285 285 286 286 286 286 286 286 286 286 286 286 286 287 287 287 87 87 87 87 87 34 34 34 32 34 34 34 34 34 34 34 34 34 34 34 226 226 226 226 226 226 226 117 279 279 279 279 279 279 279 279 279 302 279 279 279 279 279
261 293 293 293 293 293 293 293 103 126 126 126 126 126 126 126 126 126 285 285 285 285 285 285 285 285 286 286 286 286 286 286 286 286 286 286 287 287 287 287 287 287 287 287 31 31 34 34 34 34 34 34 34 34 34 34 34 34 226 226 226 226 226 226 226 117 117 117 279 279 279 279 279 279 279 279 302 302 302 279 279 302
261 293 293 293 293 293 293 293 293 103 126 126 126 126 126 126 126 285 285 285 285 285 285 285 285 285 286 286 286 286 286 286 286 286 286 286 286 287 287 287 287 287 287 287 287 31 31 31 34 34 34 34 34 34 34 34 34 34 226 226 226 226 226 226 226 117 117 117 193 279 279 279 279 279 279 279 302 302 302 302 302 302
293 293 293 293 293 293 293 293 293 293 126 126 126 126 126 285 285 285 285 285 285 285 285 285 285 285 286 286 286 286 286 286 286 286 286 287 287 287 287 287 287 287 287 287 287 31 31 31 34 34 34 34 34 34 34 34 34 226 226 226 226 226 226 226 117 117 117 117 193 193 279 279 279 279 279 302 302 302 302 302 302 302
-9999 293 293 293 293 293 293 293 293 293 103 103 103 126 126 285 285 285 285 285 285 285 285 285 285 285 285 285 285 285 285 285 286 286 286 287 287 287 287 287 287 287 287 287 85 31 31 31 31 31 31 31 31 34 34 34 34 226 226 226 226 226 226 117 117 117 117 117 117 193 193 193 279 279 302 302 302 302 302 302 302 302
-9999 -9999 293 293 293 293 103 293 103 103 103 103 103 126 126 128 128 285 285 285 285 285 285 285 285 285 285 285 285 285 285 285 285 286 286 287 287 287 287 52 52 287 287 287 287 85 31 31 85 85 31 31 34 34 34 34 34 226 226 226 226 226 226 117 117 117 117 117 117 193 193 193 193 302 302 302 302 302 302 302 302 302
-9999 -9999 -9999 293 103 103 103 103 103 103 103 103 103 126 128 128 128 128 285 285 285 285 285 285 285 285 285 128 285 285 285 285 285 286 286 287 287 52 52 52 52 52 52 287 287 85 85 85 85 31 34 34 34 34 34 226 226 226 226 226 226 226 226 226 226 226 117 117 117 117 193 193 193 193 302 193 193 193 302 302 302 302
-9999 -9999 -9999 -9999 103 103 103 103 103 103 103 103 126 126 128 128 128 128 285 285 285 285 285 285 128 128 128 128 285 285 285 285 35 286 286 35 35 35 52 52 52 52 52 52 287 287 85 85 85 31 31 34 31 34 34 226 226 226 226 226 226 226 226 226 226 226 117 117 117 117 193 193 193 193 193 193 193 193 194 302 302 302
-9999 -9999 -9999 -9999 -9999 -9999 103 103 103 103 103 126 126 128 128 128 128 128 285 285 285 128 128 128 128 128 128 128 128 128 128 285 35 35 35 35 35 35 35 52 52 52 52 52 287 287 85 85 85 31 31 31 31 34 226 226 226 226 226 226 226 226 226 226 226 226 226 117 117 117 117 193 193 193 193 193 193 194 194 194 194 302
-9999 -9999 -9999 -9999 -9999 -9999 103 103 103 126 126 126 126 128 128 128 128 128 128 128 128 128 128 128 128 88 88 88 88 35 35 35 35 35 35 35 35 35 35 52 52 52 52 52 287 287 85 85 85 85 -9999 31 31 34 226 226 226 226 226 226 226 226 226 226 226 226 226 117 117 117 117 130 130 194 194 194 194 194 194 194 194 302
-9999 -9999 -9999 -9999 -9999 -9999 103 103 126 126 126 126 126 128 128 128 128 128 128 128 128 128 128 128 88 88 88 88 88 35 35 35 35 35 35 35 35 35 35 35 35 52 52 52 287 287 85 85 85 -9999 -9999 224 224 226 226 226 226 226 226 226 226 226 226 226 226 226 226 129 117 117 117 130 130 130 194 194 194 194 194 194 194 194
-9999 -9999 -9999 -9999 -9999 -9999 -9999 126 126 126 126 126 126 128 128 128 128 128 128 128 128 128 128 88 88 88 88 88 88 35 35 35 35 35 35 35 35 35 35 35 35 35 35 -9999 -9999 -9999 -9999 -9999 -9999 -9999 -9999 224 226 226 226 226 226 226 226 226 226 226 226 226 226 226 226 129 129 129 130 130 130 130 194 194 194 194 194 194 194 194
-9999 -9999 -9999 -9999 -9999 -9999 -9999 -9999 126 126 126 126 -9999 204 128 128 128 128 128 128 128 128 128 88 88 88 88 88 88 35 35 35 35 35 35 35 35 35 35 35 35 35 -9999 -9999 -9999 -9999 -9999 -9999 -9999 -9999 -9999 -9999 226 226 226 226 226 226 226 226 226 226 226 226 226 226 226 129 129 130 130 130 130 130 130 130 130 194 194 194 194 194
-9999 -9999 -9999 -9999 -9999 -9999 -9999 -9999 -9999 -9999 -9999 -9999 -9999 204 204 88 88 128 88 88 88 128 128 88 88 88 88 88 88 88 35 35 35 35 35 35 75 35 35 35 35 35 -9999 -9999 -9999 -9999 -9999 -9999 -9999 -9999 -9999 -9999 -9999 226 226 226 226 226 226 226 226 226 226 226 226 226 129 131 131 130 130 130 130 130 130 130 130 130 194 194 194 194
-9999 -9999 -9999 -9999 -9999 -9999 -9999 -9999 -9999 -9999 -9999 -9999 -9999 204 204 88 88 88 88 88 88 88 88 88 88 88 88 88 88 88 35 35 35 35 35 75 75 75 75 75 35 -9999 -9999 -9999 -9999 -9999 -9999 -9999 -9999 -9999 -9999 -9999 -9999 -9999 226 226 226 226 226 226 226 226 226 226 226 131 131 131 131 130 130 130 130 130 130 130 130 194 194 194 194 -9999
-9999 -9999 -9999 -9999 -9999 -9999 -9999 -9999 -9999 -9999 -9999 -9999 -9999 204 204 109 88 88 88 88 88 88 88 88 88 88 88 88 88 88 88 88 88 88 75 75 75 75 75 -9999 -9999 -9999 -9999 -9999 -9999 -9999 -9999 -9999 -9999 -9999 -9999 -9999 -9999 -9999 -9999 226 226 226 226 226 226 226 226 226 131 131 131 131 131 131 131 130 130 130 130 130 194 194 194 194 -9999 -9999
-9999 -9999 -9999 -9999 -9999 -9999 -9999 -9999 -9999 -9999 -9999 -9999 -9999 204 204 109 109 109 109 88 88 88 88 88 88 88 88 88 88 88 88 88 88 88 75 75 75 75 -9999 -9999 -9999 -9999 -9999 -9999 -9999 -9999 -9999 -9999 -9999 -9999 -9999 -9999 -9999 -9999 -9999 226 226 226 226 226 226 226 226 131 131 131 131 131 131 131 130 130 130 130 130 130 130 130 194 194 -9999 -9999
-9999 -9999 -9999 -9999 -9999 -9999 -9999 -9999 -9999 -9999 -9999 -9999 -9999 204 204 109 109 109 109 109 88 88 88 88 88 88 88 88 88 88 88 88 88 75 75 75 75 -9999 -9999 -9999 -9999 -9999 -9999 -9999 -9999 -9999 -9999 -9999 -9999 -9999 -9999 -9999 -9999 -9999 -9999 -9999 226 226 226 226 226 226 226 131 131 131 131 131 131 131 130 130 130 130 131 131 130 130 130 194 194 -9999
-9999 -9999 -9999 -9999 -9999 -9999 -9999 -9999 -9999 -9999 -9999 -9999 -9999 -9999 204 109 109 109 109 109 109 109 88 88 88 109 88 88 88 88 88 88 75 75 75 -9999 -9999 -9999 -9999 -9999 -9999 -9999 -9999 -9999 -9999 -9999 -9999 -9999 -9999 -9999 -9999 -9999 -9999 -9999 -9999 -9999 -9999 226 226 226 226 226 226 226 131 131 131 131 131 131 130 131 131 131 131 131 131 130 130 194 194 -9999
-9999 -9999 -9999 -9999 -9999 -9999 -9999 -9999 -9999 -9999 -9999 -9999 -9999 -9999 204 109 109 109 109 109 109 109 109 109 109 109 109 109 88 88 88 88 75 75 -9999 -9999 -9999 -9999 -9999 -9999 -9999 -9999 -9999 -9999 -9999 -9999 -9999 -9999 -9999 -9999 -9999 -9999 -9999 -9999 -9999 -9999 -9999 226 226 226 226 226 226 226 131 131 131 131 131 131 131 131 131 131 131 131 131 131 130 130 194 194
-9999 -9999 -9999 -9999 -9999 -9999 -9999 -9999 -9999 -9999 -9999 -9999 -9999 -9999 204 204 109 109 109 109 109 109 109 109 109 109 109 109 109 88 88 88 75 -9999 -9999 -9999 -9999 -9999 -9999 -9999 -9999 -9999 -9999 -9999 -9999 -9999 -9999 -9999 -9999 -9999 -9999 -9999 -9999 -9999 -9999 -9999 226 226 226 226 226 226 226 226 226 131 131 131 131 131 131 131 131 131 131 131 131 131 130 130 130 194
-9999 -9999 -9999 -9999 -9999 -9999 -9999 -9999 -9999 -9999 -9999 -9999 -9999 -9999 204 204 109 109 109 109 109 109 109 109 109 109 109 109 109 109 88 88 88 -9999 -9999 -9999 -9999 -9999 -9999 -9999 -9999 -9999 -9999 -9999 -9999 -9999 -9999 -9999 -9999 -9999 -9999 -9999 -9999 -9999 -9999 -9999 226 226 226 226 226 -9999 -9999 226 226 226 131 131 131 131 131 131 131 131 131 131 131 131 130 130 130 130
