projects/misc_Rabin2020/input_data/FPU.asc
NCOLS 720 
NROWS 360 
XLLCORNER -180 
YLLCORNER -90 
CELLSIZE 0.5 
NODATA_value -9999 
[rows 74 to 110 of 360, columns 410 to 491 of 720]
67 67 67 67 67 67 67 67 67 67 67 67 67 68 68 68 68 68 68 68 245 245 245 26 26 26 26 26 26 26 26 26 245 245 26 26 26 26 26 26 245 245 245 245 245 245 245 245 245 245 245 245 245 245 245 245 245 245 245 240 240 240 245 240 240 240 240 240 240 166 166 166 165 165 165 165 165 165 239 239 239 239
67 67 67 67 67 67 67 67 67 67 67 67 67 68 68 69 69 69 68 68 68 68 245 26 26 26 26 26 26 26 26 26 245 245 26 26 26 26 26 26 245 245 245 245 245 245 245 245 245 245 245 245 240 240 245 240 245 245 245 240 240 240 240 240 240 240 240 240 240 240 166 166 165 165 165 165 165 239 239 239 239 239
69 69 69 69 67 67 67 67 67 67 67 69 69 69 69 69 69 69 69 68 68 68 68 26 26 26 26 26 26 26 26 26 26 26 26 26 26 26 26 26 26 245 245 245 245 245 245 245 245 245 245 240 240 240 240 240 240 240 240 240 240 240 240 240 240 240 240 240 240 240 240 165 165 165 165 165 239 239 239 239 239 239
69 69 69 69 69 69 69 69 69 69 69 69 69 69 69 69 69 69 69 68 68 68 68 68 68 26 26 26 26 26 26 26 26 26 26 26 26 26 26 26 245 245 245 245 245 245 245 245 245 245 244 244 239 239 239 239 239 239 240 240 240 240 240 240 240 240 240 240 240 240 240 240 240 165 165 165 239 239 239 239 239 239
69 69 69 69 69 69 69 69 69 69 69 69 69 69 69 69 69 69 69 69 69 68 26 26 26 26 26 26 26 26 26 26 26 26 26 26 26 26 26 245 245 245 245 245 245 245 245 245 244 244 244 244 239 239 239 239 239 239 239 239 240 240 239 239 239 239 239 239 240 240 239 240 239 239 239 239 239 239 239 239 239 239
69 69 69 69 69 69 69 69 69 69 69 69 69 69 69 69 69 69 69 69 69 69 28 28 28 26 26 26 26 26 26 26 26 26 26 26 26 26 26 245 245 245 245 245 245 244 245 245 244 244 244 244 239 239 239 239 239 239 239 239 239 239 239 239 239 239 239 239 239 239 239 239 239 239 239 239 239 239 239 239 239 239
69 69 69 69 69 69 69 69 69 69 69 69 69 69 69 69 69 69 69 69 69 69 28 28 28 28 28 28 28 26 26 26 26 26 26 26 26 26 26 245 245 245 245 245 244 244 244 244 244 244 239 239 239 239 239 239 239 239 239 239 239 239 239 239 239 239 239 239 239 239 239 239 239 239 239 239 239 239 239 239 239 239
69 69 69 69 69 69 69 69 69 69 69 69 69 69 69 69 69 69 69 69 69 69 28 28 28 28 28 28 28 28 26 26 26 26 26 26 26 26 26 245 245 245 245 245 244 244 244 244 244 244 239 239 239 239 239 239 239 239 239 239 239 239 239 239 239 239 239 239 239 239 239 239 239 239 239 239 239 239 239 239 239 239
69 69 69 69 69 69 69 69 69 69 69 69 69 69 69 69 69 69 69 69 69 69 69 69 28 28 28 28 28 28 26 26 26 26 26 26 26 26 26 245 245 245 245 244 244 244 244 244 244 244 244 244 239 239 239 239 239 239 239 239 239 239 239 239 239 239 239 239 239 239 239 239 239 239 239 239 239 239 239 239 239 239
69 69 69 63 63 63 69 69 69 69 69 69 69 69 69 69 69 69 69 69 69 69 69 69 69 69 69 69 28 28 26 26 26 26 26 26 26 26 26 26 26 245 245 245 244 244 244 244 244 244 244 244 239 239 239 239 239 239 239 239 239 239 239 239 239 239 239 239 239 239 239 239 239 239 239 239 239 239 239 239 239 239
63 63 63 63 63 63 63 63 69 69 69 69 69 69 69 69 69 69 69 69 69 69 69 69 69 69 69 69 26 26 26 26 26 26 26 26 26 26 26 245 245 245 245 245 245 245 244 244 244 244 244 244 244 239 239 239 239 239 239 239 239 239 239 239 239 239 239 239 239 239 239 239 239 239 239 239 239 239 239 239 239 239
63 63 63 63 63 63 63 63 63 69 69 69 69 69 69 69 69 69 69 69 69 69 69 69 69 69 69 26 26 26 26 26 26 26 26 26 26 26 245 245 245 245 245 245 245 245 245 244 244 244 244 244 244 244 239 239 239 239 239 239 239 239 239 239 239 239 239 239 239 239 239 239 239 239 239 239 239 239 239 239 239 221
63 63 63 63 63 63 63 63 63 63 69 69 69 69 69 69 69 69 69 69 69 69 69 69 69 26 26 26 26 26 26 26 26 26 26 26 26 26 26 26 26 245 245 245 245 245 245 244 244 244 244 -9999 -9999 -9999 -9999 -9999 239 239 239 239 239 239 239 239 239 239 239 239 239 239 239 239 239 239 239 239 239 239 239 239 221 221
63 63 63 63 63 63 63 63 66 66 69 69 -9999 69 69 69 69 69 69 69 69 69 -9999 -9999 -9999 26 26 26 26 26 26 26 26 26 26 26 26 26 26 26 26 26 245 245 245 245 245 244 -9999 -9999 -9999 -9999 -9999 -9999 -9999 -9999 239 239 239 239 239 239 239 239 239 239 239 239 239 239 15 15 239 221 221 221 221 221 221 239 221 221
63 63 63 63 63 63 63 66 66 66 66 -9999 -9999 -9999 -9999 69 69 69 69 69 -9999 -9999 -9999 -9999 -9999 26 26 26 26 26 26 26 26 26 26 26 26 26 26 26 26 26 26 245 245 245 245 -9999 -9999 -9999 -9999 -9999 -9999 -9999 -9999 239 239 239 239 239 239 239 239 239 239 239 239 239 239 239 239 15 15 221 221 221 221 221 221 221 221 221
63 63 63 63 63 63 63 63 63 63 -9999 -9999 -9999 -9999 69 69 69 69 69 69 69 69 69 26 26 26 26 26 26 26 26 26 26 26 26 26 26 26 26 26 26 26 26 26 245 -9999 -9999 -9999 -9999 -9999 -9999 -9999 -9999 239 239 239 239 239 239 239 239 239 239 239 18 18 18 18 239 239 15 15 15 15 15 221 221 221 221 221 221 221
63 63 63 63 63 63 63 63 63 63 -9999 -9999 -9999 -9999 -9999 -9999 69 69 69 69 69 69 -9999 -9999 26 26 26 26 26 26 26 26 26 26 26 26 26 26 26 26 26 26 26 26 -9999 -9999 -9999 -9999 -9999 -9999 239 239 239 239 239 239 239 239 239 239 239 239 18 18 18 18 18 18 18 18 15 15 15 15 15 15 221 221 221 221 221 221
63 63 63 63 63 63 63 63 -9999 -9999 -9999 -9999 -9999 -9999 -9999 -9999 -9999 69 69 -9999 -9999 -9999 -9999 -9999 -9999 -9999 26 26 26 26 26 26 26 26 26 26 26 26 26 26 26 26 26 26 -9999 -9999 -9999 -9999 -9999 -9999 239 239 239 239 239 239 239 239 239 239 239 239 18 18 18 18 18 18 18 18 18 18 15 15 15 15 15 15 15 221 221 221
63 63 63 63 63 63 63 63 -9999 -9999 -9999 -9999 -9999 -9999 -9999 -9999 -9999 -9999 -9999 -9999 -9999 -9999 -9999 -9999 -9999 -9999 -9999 -9999 26 26 26 26 26 26 26 26 26 26 26 26 26 26 26 26 26 -9999 -9999 -9999 -9999 -9999 -9999 -9999 239 239 239 239 239 239 239 239 239 239 18 18 18 18 18 18 18 18 18 18 18 15 15 15 15 15 221 221 221 221
63 63 63 63 63 63 63 63 -9999 -9999 -9999 -9999 -9999 -9999 -9999 -9999 -9999 -9999 -9999 -9999 -9999 -9999 -9999 -9999 -9999 -9999 -9999 -9999 -9999 26 25 25 25 26 26 26 26 26 26 26 26 26 26 26 26 -9999 -9999 -9999 -9999 -9999 -9999 -9999 239 239 239 239 239 239 239 239 239 239 18 18 18 18 18 18 18 18 18 18 18 18 18 18 18 223 223 223 223 221
63 63 63 63 63 63 -9999 -9999 -9999 -9999 -9999 -9999 -9999 -9999 -9999 -9999 -9999 -9999 -9999 -9999 -9999 -9999 -9999 -9999 -9999 -9999 -9999 -9999 -9999 -9999 -9999 25 25 25 25 25 25 26 26 26 26 26 26 26 26 26 -9999 -9999 -9999 -9999 -9999 -9999 -9999 239 239 239 239 239 239 239 239 239 18 18 18 18 18 18 18 18 18 18 18 18 18 18 18 18 223 223 223 223
63 63 63 63 63 63 -9999 -9999 -9999 -9999 -9999 -9999 -9999 -9999 -9999 -9999 -9999 82 -9999 82 82 -9999 -9999 -9999 -9999 -9999 -9999 -9999 -9999 -9999 -9999 -9999 -9999 25 25 25 25 25 25 25 25 25 26 26 26 26 26 -9999 -9999 -9999 -9999 -9999 -9999 -9999 239 239 239 241 241 239 239 239 18 18 18 18 17 17 17 17 18 18 18 18 18 18 18 18 18 223 223 223
63 63 63 65 65 65 65 -9999 -9999 -9999 -9999 -9999 -9999 -9999 82 82 82 82 233 82 82 233 233 -9999 -9999 -9999 -9999 -9999 -9999 -9999 -9999 -9999 -9999 25 25 25 25 25 25 25 25 25 25 25 26 26 26 25 -9999 -9999 -9999 -9999 -9999 -9999 -9999 241 241 241 241 241 239 239 18 18 17 17 17 17 17 17 18 18 18 18 18 18 18 18 18 223 223 223
61 61 61 65 65 65 65 65 82 82 82 82 82 82 82 82 82 233 233 233 233 233 27 27 27 27 -9999 -9999 27 27 27 27 27 27 27 27 25 25 25 25 25 25 25 25 25 26 25 25 25 -9999 -9999 -9999 -9999 -9999 -9999 241 -9999 -9999 241 241 262 262 262 17 17 17 17 17 17 17 17 18 18 18 18 18 18 18 18 18 223 223
61 61 65 65 65 65 -9999 82 82 82 82 82 82 82 82 82 82 82 233 233 27 27 27 27 27 27 27 27 27 27 27 27 27 27 27 233 233 25 25 25 25 25 25 25 25 25 25 25 25 25 25 -9999 -9999 -9999 -9999 241 241 241 241 241 262 262 262 17 17 17 17 17 17 17 17 17 17 17 18 18 18 18 18 18 18 223
-9999 -9999 82 82 82 82 82 82 82 82 82 82 82 82 82 82 233 233 233 233 27 27 27 27 27 27 27 27 27 27 27 27 27 27 233 233 233 25 25 25 25 25 25 25 25 25 25 25 25 25 25 -9999 -9999 -9999 -9999 241 241 241 241 262 262 262 262 262 17 17 17 262 262 17 17 17 262 17 17 18 18 18 18 18 18 18
65 -9999 82 82 82 82 82 82 82 82 82 82 82 82 82 82 233 233 233 233 233 27 233 233 233 233 233 233 233 233 233 233 233 233 233 233 233 233 233 25 25 25 25 25 25 25 25 25 25 -9999 -9999 -9999 -9999 -9999 -9999 -9999 241 241 241 262 262 262 262 262 17 262 262 262 262 262 262 262 262 262 17 17 18 18 18 18 18 18
-9999 82 82 82 82 82 82 82 82 82 82 82 82 82 82 233 233 233 233 233 233 233 233 233 233 233 233 233 233 233 233 233 233 233 233 233 233 233 260 260 25 25 25 25 260 260 25 25 25 -9999 -9999 -9999 -9999 -9999 -9999 -9999 241 241 262 262 262 262 262 262 262 262 262 262 262 262 262 262 262 262 262 17 17 18 18 18 18 18
-9999 82 82 82 82 82 82 82 82 82 82 82 82 82 82 233 233 233 233 233 233 233 82 82 233 233 233 233 233 233 233 233 233 233 233 233 233 233 233 260 260 260 260 260 260 260 25 25 -9999 -9999 -9999 -9999 -9999 -9999 -9999 -9999 -9999 -9999 262 262 262 262 262 262 262 262 262 262 262 262 262 262 262 262 17 17 17 17 17 18 18 18
-9999 82 82 82 82 82 82 82 82 82 82 82 82 82 82 233 233 233 233 233 233 82 82 82 82 233 233 233 233 233 233 233 233 233 233 233 233 233 233 260 260 260 260 260 260 260 260 260 -9999 -9999 -9999 -9999 -9999 -9999 -9999 -9999 -9999 -9999 262 262 262 262 262 262 262 262 262 262 262 262 262 262 262 262 262 17 17 17 17 17 17 17
-9999 -9999 -9999 82 82 82 82 82 82 82 82 82 82 82 233 233 233 233 233 82 82 82 82 82 82 233 233 233 233 233 233 233 233 233 233 233 233 233 233 260 260 260 260 260 260 260 260 260 260 -9999 -9999 -9999 -9999 -9999 -9999 -9999 -9999 -9999 262 262 260 260 260 260 260 260 262 262 262 262 262 262 262 262 262 262 262 262 262 262 17 17
82 82 -9999 -9999 82 82 82 82 82 82 82 82 82 82 82 82 233 233 82 82 82 82 82 82 233 233 233 233 233 233 233 233 233 233 233 231 231 233 233 260 260 260 260 260 260 260 260 260 260 260 260 -9999 -9999 -9999 -9999 -9999 -9999 260 260 260 260 260 260 260 260 260 260 260 260 262 262 262 262 262 262 262 262 262 262 262 14 14
82 82 -9999 -9999 82 82 82 82 82 82 82 82 82 82 82 82 82 82 82 82 82 82 82 82 233 233 232 233 233 233 232 232 232 232 231 231 231 231 231 231 260 260 260 260 260 260 260 260 260 260 260 260 260 260 -9999 260 260 260 260 260 260 260 260 260 260 260 260 260 260 260 260 262 262 262 262 262 262 262 262 259 259 14
-9999 -9999 -9999 -9999 -9999 82 82 -9999 82 82 82 -9999 -9999 -9999 82 82 82 82 82 -9999 -9999 82 82 232 232 232 232 232 232 232 232 232 232 231 231 231 231 231 231 231 231 260 260 260 260 260 260 260 260 260 260 260 260 260 260 260 260 260 260 260 260 260 260 260 260 260 260 260 260 260 260 260 262 262 262 262 262 262 262 259 259 14
-9999 -9999 -9999 -9999 -9999 82 -9999 -9999 -9999 -9999 -9999 -9999 -9999 -9999 -9999 -9999 -9999 -9999 76 -9999 -9999 81 81 232 232 232 232 232 232 232 232 232 232 231 231 231 231 231 231 231 231 231 260 260 260 260 260 260 260 260 260 260 260 260 260 260 260 260 260 260 260 260 260 260 260 260 260 260 260 260 260 260 260 262 262 262 259 259 259 259 259 14
82 82 82 -9999 -9999 -9999 -9999 -9999 -9999 -9999 -9999 -9999 -9999 -9999 76 76 76 76 76 -9999 -9999 81 81 81 232 232 232 232 232 232 232 232 231 231 231 231 231 231 231 231 231 231 230 230 260 260 260 260 260 260 260 260 260 260 260 260 260 260 260 260 260 260 260 260 260 260 260 260 260 260 260 260 259 259 259 259 259 259 259 259 259 259
82 -9999 -9999 -9999 -9999 -9999 -9999 -9999 -9999 -9999 -9999 -9999 -9999 -9999 76 76 76 76 -9999 -9999 -9999 81 81 81 81 81 81 232 232 232 232 232 231 231 231 231 231 231 231 231 231 230 230 260 230 230 260 260 260 260 260 260 260 260 260 260 260 260 260 260 260 260 260 260 260 260 260 260 260 260 260 260 259 259 259 259 259 259 259 259 259 259
