plum_harmonization/input_data/protected_areas_with_points.txt
ncols         720
nrows         360
xllcorner     -180
yllcorner     -90
cellsize      0.5
NODATA_value  -9999
[rows 66 to 98 of 360, columns 75 to 149 of 720]
-9999 -9999 -9999 -9999 -9999 -9999 -9999 -9999 -9999 -9999 -9999 -9999 -9999 0.0001652769 0.2329135 0.4937142 0.1903403 0.115158 0.1112694 0.1112694 0.7281111 0.7281111 0.332246 0.7056024 0.09762634 0.09762634 -9999 -9999 -9999 0.06666091 0.2144148 0.3755638 -9999 -9999 0.09685803 0.06386241 -9999 0.3066556 0.1192315 -9999 -9999 -9999 -9999 -9999 -9999 0.01479822 -9999 -9999 -9999 -9999 -9999 -9999 -9999 -9999 -9999 -9999 -9999 -9999 -9999 0.06534901 0.04175356 0.04175356 -9999 0.02842741 0.1064125 0.3003654 0.3999147 0.3999147 0.1988668 -9999 -9999 -9999 -9999 -9999 0.08268862
-9999 -9999 -9999 -9999 -9999 -9999 -9999 -9999 -9999 -9999 -9999 -9999 -9999 -9999 0.002079135 0.02352545 0.1903403 0.1903403 0.1269147 -9999 0.1083878 0.08992122 0.4737742 0.8862235 0.8862235 0.003108271 0.1386201 0.2457545 0.2457545 0.04262715 -9999 0.3755638 0.3755638 -9999 0.06386241 0.4102751 0.4102751 0.0246348 0.1192315 0.1192315 0.0396662 -9999 0.0002931068 0.003392956 0.01629162 0.05349065 0.05349065 0.04634291 -9999 0.03143988 0.05711215 -9999 -9999 -9999 -9999 -9999 -9999 -9999 -9999 0.06534901 -9999 -9999 0.08488721 0.005703723 0.09818906 -9999 -9999 0.0002545483 -9999 -9999 -9999 -9999 -9999 -9999 0.02123415
-9999 -9999 -9999 -9999 -9999 -9999 -9999 -9999 -9999 -9999 -9999 -9999 -9999 -9999 -9999 7.997088e-005 0.04419736 0.1076463 0.1076463 0.09615494 0.09074284 0.0425183 0.4737742 0.8862235 0.6308677 -9999 -9999 0.2457545 0.2457545 0.004248313 0.04313505 0.03194477 0.002233569 0.0008220796 0.1112232 0.4102751 0.4102751 0.001670542 0.02612116 0.1208154 -9999 0.0005926103 0.1598343 0.0003116345 0.0007146454 -9999 0.006321257 0.01989625 0.04195011 0.04195011 0.02888259 0.1067849 0.01034688 0.01424408 0.04998704 0.05338201 -9999 -9999 -9999 -9999 0.01013237 -9999 -9999 -9999 -9999 -9999 -9999 -9999 1.761661e-005 -9999 -9999 0.00212832 -9999 -9999 -9999
-9999 -9999 -9999 -9999 -9999 -9999 -9999 -9999 -9999 -9999 -9999 -9999 -9999 -9999 -9999 -9999 -9999 0.1076463 0.1076463 0.006864425 0.1507382 0.00145193 0.1925394 0.6755971 0.6308677 0.6308677 0.04265543 0.07393816 0.1630191 0.003539098 0.003539098 0.1346173 0.004634599 0.1648445 0.1648445 0.0009248229 0.00426201 -9999 0.0120426 0.1208154 0.1208154 0.003162805 0.1598343 0.05458577 0.05458577 -9999 0.006494513 0.0003479757 -9999 0.0183254 -9999 -9999 0.002665506 0.004836863 0.04998704 0.05338201 0.005088553 0.03051552 0.03051552 0.06201062 -9999 -9999 -9999 -9999 0.03232651 0.2198545 0.1231902 0.5081227 0.1720935 0.0009307662 -9999 0.08398339 0.0008283101 -9999 0.3631761
-9999 -9999 -9999 -9999 -9999 -9999 -9999 -9999 -9999 -9999 -9999 -9999 -9999 -9999 -9999 -9999 -9999 0.05741311 0.05741311 0.001795951 0.1507382 -9999 0.007825434 0.433366 0.433366 0.3806728 0.3806728 0.004666743 0.1630191 0.1630191 0.03676079 0.1346173 0.0125864 0.01449009 0.2331669 0.2331669 0.03093966 0.02518887 0.1908989 0.002665934 0.002665934 -9999 0.2399185 0.1510227 -9999 -9999 -9999 0.01005487 -9999 -9999 -9999 -9999 -9999 0.007076507 0.001874527 0.05930074 0.05383372 0.01290246 0.001193657 0.06201062 0.06201062 0.1023843 0.2331559 -9999 0.03232651 0.3168918 0.3979295 0.261073 0.261073 0.0008010973 0.05534055 0.08398339 -9999 0.0001586349 0.08659239
-9999 -9999 -9999 -9999 -9999 -9999 -9999 -9999 -9999 -9999 -9999 -9999 -9999 -9999 -9999 -9999 -9999 -9999 0.120646 0.373289 0.09277718 0.2407964 2.151358e-007 0.1024022 0.08158196 0.311832 0.433271 0.433271 0.005325144 0.3159643 0.08117649 0.01733967 0.001798988 0.02636226 0.04820452 0.05683631 0.03093966 0.07074795 0.07074795 0.006170377 0.001483206 0.05568762 0.1192019 0.1510227 0.52426 0.8217236 0.8217236 -9999 -9999 -9999 -9999 -9999 -9999 0.009737897 0.001874527 0.05930074 0.05930074 0.003121795 0.008756794 0.01530634 7.840373e-005 0.0004119822 0.0005905889 0.004044626 0.009474783 0.3168918 0.3979295 0.261073 0.1613782 0.1613782 0.0003035054 0.4384015 0.8597194 0.646597 0.2414513
-9999 -9999 -9999 -9999 -9999 -9999 -9999 -9999 -9999 -9999 -9999 -9999 -9999 -9999 -9999 -9999 -9999 -9999 0.120646 0.373289 0.250773 0.250773 -9999 0.07562289 0.08158196 0.311832 0.4292127 0.312505 0.0959729 0.2459739 0.2459739 0.9126227 0.9169767 0.02636226 0.04820452 0.04820452 0.06080488 0.06080488 0.01752449 0.01951943 0.01408949 0.1376983 0.1376983 0.4697284 0.4697284 0.8217236 0.7985139 0.9993097 0.9993097 0.4161012 0.02661839 0.02661839 0.001029789 -9999 0.001765827 0.00547085 0.003320616 0.01100356 0.002022734 0.1370773 0.09909946 -9999 0.0002477016 0.007002059 0.007002059 0.1230118 0.1230118 0.0958939 0.07130676 0.01769231 0.3864936 0.4384015 0.8597194 0.8597194 0.2137496
-9999 -9999 -9999 -9999 -9999 -9999 -9999 -9999 -9999 -9999 -9999 -9999 -9999 -9999 -9999 -9999 -9999 -9999 -9999 0.1464206 0.250773 0.2969986 -9999 0.003577988 0.01477384 0.1398821 0.199303 0.4248244 0.3285974 0.8402283 0.8402283 0.9126227 0.9258641 0.9258641 0.6102238 -9999 0.04845605 0.07546136 -9999 0.01951943 0.002575352 0.0008800615 0.4180614 0.4697284 0.4697284 0.140966 0.7985139 0.9993097 0.9688653 0.9993281 0.9993281 0.006210734 -9999 -9999 0.002591178 0.02418285 0.02418285 5.970917e-005 0.0003960269 0.09909946 0.09909946 -9999 -9999 0.004056011 -9999 0.162532 0.1112982 0.08346046 0.07130676 0.105108 0.3864936 0.06275808 0.05983751 0.03303383 0.02336768
-9999 -9999 -9999 -9999 -9999 -9999 -9999 -9999 -9999 -9999 -9999 -9999 -9999 -9999 -9999 -9999 -9999 -9999 -9999 -9999 0.139829 0.2969986 0.3543023 -9999 -9999 0.01538286 0.04464796 0.4248244 0.219466 0.8402283 0.6089847 0.5242771 0.9258641 0.6232337 0.2718754 0.3202738 0.00580425 0.04246498 0.04246498 0.0008558801 0.01110361 0.01110361 0.01804421 0.2902171 0.8577637 0.9235633 0.08496719 0.5142196 0.9642072 0.9993281 0.8670774 0.8670774 0.02641264 0.004834147 0.002001242 0.00358604 0.005480358 0.00136799 0.0006865017 -9999 0.001273278 -9999 -9999 0.01532922 0.06671347 0.162532 0.1112982 0.1112982 0.01986336 0.1053084 0.1598091 0.05016287 0.05983751 0.05983751 0.1235131
-9999 -9999 -9999 -9999 -9999 -9999 -9999 -9999 -9999 -9999 -9999 -9999 -9999 -9999 -9999 -9999 -9999 -9999 -9999 -9999 -9999 0.07561869 0.3543023 0.3543023 -9999 -9999 -9999 0.02899146 0.2621376 0.1996681 0.1996681 0.1560684 0.1243323 0.6232337 -9999 -9999 0.009901886 0.04246498 0.04246498 0.03018665 0.004649971 -9999 0.001803056 0.01247211 0.8577637 0.9235633 0.03255961 0.005371548 0.1997359 0.5593296 0.8670774 0.6116578 0.8648322 0.002390585 0.01599759 0.01599759 0.0005839447 0.0003385654 0.003952848 0.00446784 0.001273278 -9999 -9999 -9999 -9999 0.118874 0.1805911 0.07573909 0.03689865 0.1053084 0.04437199 0.04437199 0.02202573 0.05272991 0.09269365
-9999 -9999 -9999 -9999 -9999 -9999 -9999 -9999 -9999 -9999 -9999 -9999 -9999 -9999 -9999 -9999 -9999 -9999 -9999 -9999 -9999 -9999 0.01053643 5.278167e-005 -9999 -9999 -9999 -9999 0.2621376 0.2217184 0.1988969 0.2228374 -9999 0.2765487 0.05929026 0.111059 0.5099958 0.1150162 0.1150162 0.09862177 0.1797489 0.1611264 0.1611264 0.03580478 0.196839 0.2260257 0.03255961 0.05002838 0.007760542 -9999 0.333352 0.6116578 0.8648322 0.9994185 0.9994185 0.001405649 0.0009382905 -9999 0.006831399 0.1192438 0.1192438 0.001962172 -9999 -9999 0.002088048 0.118874 0.1805911 0.07573909 0.07573909 0.05726719 0.1264806 0.2657313 0.2657313 0.05272991 0.1419401
-9999 -9999 -9999 -9999 -9999 -9999 -9999 -9999 -9999 -9999 -9999 -9999 -9999 -9999 -9999 -9999 -9999 -9999 -9999 -9999 -9999 -9999 -9999 -9999 -9999 -9999 -9999 -9999 0.01033826 0.105456 0.1661142 0.1661142 0.03952445 0.214728 0.01352432 0.111059 0.5099958 0.4977602 0.4683657 0.1214269 0.1797489 0.1611264 0.1611264 0.0934148 0.07768313 0.07768313 0.02292941 0.04242064 0.08801946 0.4276566 0.4276566 0.311215 0.8047449 0.9994185 0.8802685 0.001827953 0.007043762 -9999 -9999 0.003175211 0.01191654 -9999 -9999 -9999 0.001322833 0.1440601 0.2940836 0.2940836 0.07401064 0.359897 0.03177974 0.1565393 0.1201874 0.04299391 0.1419401
-9999 -9999 -9999 -9999 -9999 -9999 -9999 -9999 -9999 -9999 -9999 -9999 -9999 -9999 -9999 -9999 -9999 -9999 -9999 -9999 -9999 -9999 -9999 -9999 -9999 -9999 0.0006069161 0.01013591 0.0710859 0.1833884 0.0279903 0.03668059 0.05160952 0.214728 0.04077392 0.001272433 0.0744125 0.3344548 0.3344548 0.1214269 0.0419509 0.02970075 0.04633649 0.0934148 0.0934148 0.01701982 0.02150944 0.03116144 0.103229 0.0001207239 0.4922895 0.07095926 0.1831121 0.4914153 0.8802685 0.4157711 0.4157711 0.02740262 -9999 -9999 -9999 0.01592271 0.05114425 0.1583362 0.1583362 0.1112287 0.4115931 0.4115931 0.1590538 0.359897 0.359897 0.08035814 0.07327567 0.07327567 0.03521493
-9999 -9999 -9999 -9999 -9999 -9999 -9999 -9999 -9999 -9999 -9999 -9999 -9999 -9999 -9999 -9999 -9999 -9999 -9999 -9999 -9999 -9999 -9999 -9999 -9999 -9999 -9999 -9999 -9999 0.1833884 0.1833884 0.08255665 0.06816504 0.7243829 0.04077392 0.06953064 0.02433958 0.178474 0.1503939 0.667156 0.4469174 0.2754839 0.2754839 0.0008807917 0.01125646 0.01701982 0.04961677 0.1178935 0.03044799 0.1883833 0.4922895 0.4287931 0.3786894 0.04355242 0.1835512 0.1838943 0.1039807 -9999 -9999 -9999 -9999 0.002660085 -9999 0.1583362 0.1583362 0.1843894 0.4115931 0.4115931 0.1313432 0.115387 0.0303224 0.1082964 0.2142331 0.2174998 0.1289598
-9999 -9999 -9999 -9999 -9999 -9999 -9999 -9999 -9999 -9999 -9999 -9999 -9999 -9999 -9999 -9999 -9999 -9999 -9999 -9999 -9999 -9999 -9999 -9999 -9999 -9999 -9999 -9999 -9999 -9999 0.002101936 0.02158649 0.08983621 0.7243829 0.2367477 0.009075287 0.02433958 0.05274111 0.1503939 0.667156 0.1707153 0.1707153 0.0296569 0.0296569 0.00728787 0.2288345 0.03990144 0.1178935 0.1264788 0.1883833 0.2755918 0.1318813 0.1856785 0.004913915 0.04415701 0.001314005 0.1039807 -9999 -9999 -9999 -9999 -9999 -9999 0.001627228 0.1058486 0.4820954 0.4820954 0.4559649 0.2922741 0.3818891 0.115387 0.02279356 0.003297645 0.1112031 0.1384637
-9999 -9999 -9999 -9999 -9999 -9999 -9999 -9999 -9999 -9999 -9999 -9999 -9999 -9999 -9999 -9999 -9999 -9999 -9999 -9999 -9999 -9999 -9999 -9999 -9999 -9999 -9999 -9999 -9999 -9999 -9999 0.02158649 0.08983621 0.2367477 0.2367477 0.009075287 0.01160586 0.009275995 0.02185714 0.1708236 0.1708236 0.3668826 0.9008858 0.9008858 0.6486868 0.5112001 0.02717653 0.02281541 0.1998813 0.03161635 0.06206333 0.1318813 0.1318813 0.01475176 0.005130476 0.08422696 0.5555034 0.940174 0.131982 0.009652366 0.09480201 0.0132936 -9999 0.04451283 0.04707607 0.4820954 0.4559649 0.1265841 0.2922741 0.3818891 0.35357 0.2566826 0.0724968 0.1112031 0.1384637
-9999 -9999 -9999 -9999 -9999 -9999 -9999 -9999 -9999 -9999 -9999 -9999 -9999 -9999 -9999 -9999 -9999 -9999 -9999 -9999 -9999 -9999 -9999 -9999 -9999 -9999 -9999 -9999 -9999 -9999 -9999 -9999 -9999 0.002677787 0.06265477 0.1595502 0.01146445 0.01959348 0.2470349 0.3407166 0.1900441 0.3668826 0.9008858 0.7996779 0.7996779 0.1802514 0.1802514 0.001260337 0.01483366 0.07006194 0.08869462 0.08869462 0.01362239 0.01434884 0.002647422 0.08422696 0.5555034 0.940174 0.5420549 -9999 0.0001847065 0.005192537 0.003895588 0.001437868 0.006747113 0.001075736 0.005145628 0.005145628 0.001795704 0.01062211 0.003537078 0.144263 -9999 8.829299e-006 0.002840197
-9999 -9999 -9999 -9999 -9999 -9999 -9999 -9999 -9999 -9999 -9999 -9999 -9999 -9999 -9999 -9999 -9999 -9999 -9999 -9999 -9999 -9999 -9999 -9999 -9999 -9999 -9999 -9999 -9999 -9999 -9999 -9999 -9999 -9999 -9999 0.2232157 0.004465432 0.857755 0.857755 0.1900441 0.03933033 0.3658126 0.7360511 0.7996779 0.7996779 0.04924521 6.853869e-005 -9999 -9999 0.07006194 0.007995821 0.007995821 0.007724015 0.179874 0.002553384 0.02680849 0.03091136 0.4871698 0.8982505 0.8982505 -9999 -9999 -9999 -9999 0.05095965 -9999 0.0003803484 0.00102103 0.3717655 0.3135904 0.003166526 0.4986234 0.3029056 -9999 -9999
-9999 -9999 -9999 -9999 -9999 -9999 -9999 -9999 -9999 -9999 -9999 -9999 -9999 -9999 -9999 -9999 -9999 -9999 -9999 -9999 -9999 -9999 -9999 -9999 -9999 -9999 -9999 -9999 -9999 -9999 -9999 -9999 -9999 -9999 -9999 0.1659935 0.2067886 0.857755 0.7280291 0.02856054 0.01156365 0.3658126 0.7360511 0.2389301 0.04493263 0.06000982 0.06000982 0.01502785 0.02501844 0.003454276 0.001816681 0.01293901 0.002369476 0.01545533 0.0006719581 0.0002346612 0.009615211 0.3129738 0.8982505 0.5038263 0.4018306 0.001596683 0.0236774 0.003270226 0.05095965 0.09547146 0.1020693 0.2890915 0.3717655 0.3135904 0.3374176 0.4986234 0.3029056 -9999 -9999
-9999 -9999 -9999 -9999 -9999 -9999 -9999 -9999 -9999 -9999 -9999 -9999 -9999 -9999 -9999 -9999 -9999 -9999 -9999 -9999 -9999 -9999 -9999 -9999 -9999 -9999 -9999 -9999 -9999 -9999 -9999 -9999 -9999 -9999 -9999 -9999 0.1558606 0.1558606 0.01372628 0.02623207 0.006578841 0.5216096 0.4916044 0.2154406 0.2321015 0.1590787 0.1590787 0.0009750242 0.00447763 0.03889762 0.03889762 0.01293901 0.03096591 0.05334581 0.02726905 0.001762419 0.09062665 0.3129738 0.5038263 0.5038263 7.638705e-005 0.004502579 0.004502579 0.004586674 0.003748217 0.002528509 -9999 0.009079858 0.005924671 0.1301658 0.00257379 -9999 0.004649271 -9999 -9999
-9999 -9999 -9999 -9999 -9999 -9999 -9999 -9999 -9999 -9999 -9999 -9999 -9999 -9999 -9999 -9999 -9999 -9999 -9999 -9999 -9999 -9999 -9999 -9999 -9999 -9999 -9999 -9999 -9999 -9999 -9999 -9999 -9999 -9999 -9999 -9999 0.01475362 0.07301384 0.01372628 0.007758626 0.002536674 0.5216096 0.4916044 0.4916044 0.2154406 0.1590787 0.1459424 0.000692901 -9999 -9999 2.076097e-005 0.0001423198 0.0007341886 0.01085831 0.01085831 0.8272229 0.8272229 0.1641995 0.1059742 0.06121292 0.02739678 0.06966617 -9999 0.07459786 0.08618113 0.03165257 0.1376464 0.02157007 0.02157007 0.0002099671 -9999 -9999 -9999 0.04614574 0.04614574
-9999 -9999 -9999 -9999 -9999 -9999 -9999 -9999 -9999 -9999 -9999 -9999 -9999 -9999 -9999 -9999 -9999 -9999 -9999 -9999 -9999 -9999 -9999 -9999 -9999 -9999 -9999 -9999 -9999 -9999 -9999 -9999 -9999 -9999 -9999 -9999 0.003075344 0.07301384 0.07301384 0.005939932 0.2263758 0.1420606 0.06923957 0.0009349639 0.01096571 0.1090519 0.1090519 0.03905465 0.000425759 0.2283923 0.2283923 0.2668655 0.0003132312 0.3212383 0.4816837 0.9264888 0.9264888 0.1648853 0.3554831 0.02739678 0.02739678 0.06408665 0.04066706 -9999 -9999 0.02354636 0.01055507 0.01222108 -9999 -9999 0.0002368453 -9999 8.970238e-005 0.000149665 -9999
-9999 -9999 -9999 -9999 -9999 -9999 -9999 -9999 -9999 -9999 -9999 -9999 -9999 -9999 -9999 -9999 -9999 -9999 -9999 -9999 -9999 -9999 -9999 -9999 -9999 -9999 -9999 -9999 -9999 -9999 -9999 -9999 -9999 -9999 -9999 -9999 3.015756e-006 0.01578775 0.009432223 0.04120624 0.1151789 0.2959124 0.1272352 0.07936962 0.03598208 0.04362946 0.04362946 0.003687856 0.03785709 0.2219989 0.1626866 0.3188977 0.03604033 0.3212383 0.9261443 0.9264888 0.9197886 0.1648853 0.3554831 0.3554831 0.06641994 0.1213743 0.4784686 0.4056666 0.8984036 0.0004419861 0.007581182 -9999 0.0006183404 -9999 0.001464133 -9999 -9999 -9999 -9999
-9999 -9999 -9999 -9999 -9999 -9999 -9999 -9999 -9999 -9999 -9999 -9999 -9999 -9999 -9999 -9999 -9999 -9999 -9999 -9999 -9999 -9999 -9999 -9999 -9999 -9999 -9999 -9999 -9999 -9999 -9999 -9999 -9999 -9999 -9999 -9999 0.002427767 0.04024128 0.009432223 0.009432223 0.147029 0.2959124 0.1272352 0.1272352 0.1294262 -9999 -9999 0.1499277 0.07440093 0.2219989 0.4520707 0.3188977 0.3188977 0.1570367 0.9261443 0.9550704 0.9550704 0.005359793 0.06179315 0.06056868 0.06641994 0.2848782 0.4784686 1 1 0.9989392 0.08946057 0.0004841761 0.04650178 0.033328 0.001224479 -9999 0.000980472 -9999 -9999
-9999 -9999 -9999 -9999 -9999 -9999 -9999 -9999 -9999 -9999 -9999 -9999 -9999 -9999 -9999 -9999 -9999 -9999 -9999 -9999 -9999 -9999 -9999 -9999 -9999 -9999 -9999 -9999 -9999 -9999 -9999 -9999 -9999 -9999 -9999 -9999 0.004848735 0.004848735 0.02340543 0.00306612 0.147029 0.4333459 0.03649754 0.03592318 0.1294262 0.08137495 -9999 0.1499277 0.1499277 0.01324487 0.01052776 0.08448762 0.0003117311 0.03335289 0.7709151 0.9550704 0.9550704 0.1849909 0.06856301 0.06056868 0.06056868 0.2848782 0.3379951 1 0.9998603 0.8075184 0.7031462 0.04645754 0.04650178 0.0577161 0.337993 0.1249014 0.01288885 0.01232383 -9999
-9999 -9999 -9999 -9999 -9999 -9999 -9999 -9999 -9999 -9999 -9999 -9999 -9999 -9999 -9999 -9999 -9999 -9999 -9999 -9999 -9999 -9999 -9999 -9999 -9999 -9999 -9999 -9999 -9999 -9999 -9999 -9999 -9999 -9999 -9999 -9999 0.03098809 0.03098809 0.03006453 0.03006453 0.1990534 0.4333459 0.03649754 0.03592318 0.1348483 0.1348483 0.05745286 0.1355786 0.09854294 0.09854294 0.007990886 0.1086621 0.001319008 0.03335289 0.5203741 0.1456796 0.2527241 0.1167018 0.1167018 0.06856301 0.01061198 0.05398268 0.1593625 0.9621499 0.9998603 0.8075184 0.4905774 0.1535263 0.08651108 0.0577161 0.337993 0.03283573 0.00791691 0.01232383 -9999
-9999 -9999 -9999 -9999 -9999 -9999 -9999 -9999 -9999 -9999 -9999 -9999 -9999 -9999 -9999 -9999 -9999 -9999 -9999 -9999 -9999 -9999 -9999 -9999 -9999 -9999 -9999 -9999 -9999 -9999 -9999 -9999 -9999 -9999 -9999 -9999 0.003054469 0.0003334053 0.001572835 0.05747332 0.2518334 0.2518334 0.1753355 0.1221559 0.1348483 0.1348483 0.0003719927 0.02184919 0.02184919 0.2878138 0.2816529 0.1086621 0.1086621 0.2145718 0.1456796 0.1456796 0.09071365 0.4617932 0.4617932 0.06650068 0.09831768 0.04832038 0.07101873 0.7186078 0.4420321 0.7047687 0.3421103 0.01138786 0.03999141 0.03655424 0.02132515 0.03201379 2.680309e-005 -9999 -9999
-9999 -9999 -9999 -9999 -9999 -9999 -9999 -9999 -9999 -9999 -9999 -9999 -9999 -9999 -9999 -9999 -9999 -9999 -9999 -9999 -9999 -9999 -9999 -9999 -9999 -9999 -9999 -9999 -9999 -9999 -9999 -9999 -9999 -9999 -9999 -9999 0.0135658 0.003865954 0.0021964 0.05747332 0.435616 0.435616 0.06391411 0.2621644 0.04421621 -9999 0.1126724 0.7153236 0.7225352 0.2878138 0.2816529 0.2816529 0.6236678 0.2352614 0.2352614 0.0866741 0.09071365 0.4617932 0.362847 0.06650068 0.09831768 0.01919381 0.07101873 0.3544687 0.3544687 0.7047687 0.4203366 0.08143467 0.04183366 -9999 0.06545752 -9999 -9999 -9999 -9999
-9999 -9999 -9999 -9999 -9999 -9999 -9999 -9999 -9999 -9999 -9999 -9999 -9999 -9999 -9999 -9999 -9999 -9999 -9999 -9999 -9999 -9999 -9999 -9999 -9999 -9999 -9999 -9999 -9999 -9999 -9999 -9999 -9999 -9999 -9999 0.002407507 0.09383636 0.09383636 0.02346483 0.01663193 0.435616 0.08669487 0.06502963 0.2621644 0.05553456 0.3515859 0.4768648 0.7153236 0.7225352 0.3808753 0.4743446 0.3718151 0.1762876 0.2352614 0.2352614 0.0168798 0.02214275 0.04345713 0.2043707 0.002793982 0.02003072 0.02455972 0.05540181 0.008750724 0.004641086 0.1269207 0.4203366 0.4203366 0.01855027 0.01746951 0.06545752 0.03297383 0.01684224 -9999 0.0001099648
-9999 -9999 -9999 -9999 -9999 -9999 -9999 -9999 -9999 -9999 -9999 -9999 -9999 -9999 -9999 -9999 -9999 -9999 -9999 -9999 -9999 -9999 -9999 -9999 -9999 -9999 -9999 -9999 -9999 -9999 -9999 -9999 -9999 -9999 -9999 3.930423e-007 0.09062608 0.3726299 0.2517388 0.05451522 0.2042547 0.1665796 0.01325034 0.02330837 0.02330837 0.3520613 0.8073275 0.8073275 0.3808753 0.3808753 0.4743446 0.3718151 0.3718151 0.142453 0.1942004 0.005861541 0.002984851 0.02222745 0.0002975585 0.004371752 0.001399063 0.003984189 0.05540181 0.04553308 0.02661416 -9999 0.05285809 0.1446276 0.1446276 0.007168928 0.0494236 0.03297383 0.02453884 0.00251184 0.04964492
-9999 -9999 -9999 -9999 -9999 -9999 -9999 -9999 -9999 -9999 -9999 -9999 -9999 -9999 -9999 -9999 -9999 -9999 -9999 -9999 -9999 -9999 -9999 -9999 -9999 -9999 -9999 -9999 -9999 -9999 -9999 -9999 -9999 -9999 -9999 -9999 0.118776 0.3726299 0.5330425 0.2517388 0.04785114 0.1665796 0.1665796 0.05863286 0.0004275637 0.3520613 0.8073275 0.7611342 0.02826997 0.03481653 0.1056261 0.04902073 0.04902073 0.01803975 0.1942004 0.01623912 -9999 0.001944687 0.003013719 0.02470092 0.11714 0.1250561 0.1250561 0.030426 0.0003624568 0.0451709 0.0138214 0.0298947 0.0298947 0.03103998 0.03103998 0.08180251 0.05557679 0.00251184 0.04964492
-9999 -9999 -9999 -9999 -9999 -9999 -9999 -9999 -9999 -9999 -9999 -9999 -9999 -9999 -9999 -9999 -9999 -9999 -9999 -9999 -9999 -9999 -9999 -9999 -9999 -9999 -9999 -9999 -9999 -9999 -9999 -9999 -9999 -9999 -9999 -9999 0.09801947 0.138512 0.5330425 0.3088301 0.2589352 0.125939 0.1158647 0.09462255 0.1796669 0.1314094 0.7611342 0.6861495 0.6861495 0.0211965 0.01722592 0.0851943 -9999 -9999 0.1513372 0.0008091808 0.003717684 0.001944687 -9999 -9999 0.11714 0.1034574 0.03984767 0.3560289 0.0009121386 0.043216 0.2034636 -9999 0.1510085 0.02358733 0.08974916 0.08974916 0.1151074 0.1151074 0.1369463
-9999 -9999 -9999 -9999 -9999 -9999 -9999 -9999 -9999 -9999 -9999 -9999 -9999 -9999 -9999 -9999 -9999 -9999 -9999 -9999 -9999 -9999 -9999 -9999 -9999 -9999 -9999 -9999 -9999 -9999 -9999 -9999 -9999 -9999 -9999 -9999 0.0158811 0.03389312 0.3088301 0.3088301 0.08524033 0.202994 0.202994 0.08347481 0.171189 0.5100974 0.3226173 0.3226173 0.1964524 -9999 0.01849465 0.005568028 -9999 0.04651454 0.1513372 0.06947573 0.1508467 0.052165 0.01757183 0.1434515 0.009463502 0.1034574 0.1034574 0.3560289 0.4284497 0.4284497 0.2034636 0.2378188 0.2264062 0.01590911 0.128863 0.2847535 0.2847535 0.5984184 0.5984184
