plum_harmonization/input_data/protected_areas_with_points.txt
ncols         720
nrows         360
xllcorner     -180
yllcorner     -90
cellsize      0.5
NODATA_value  -9999
[rows 99 to 131 of 360, columns 150 to 224 of 720]
0.03877776 0.01039678 0.008596885 0.008596885 0.000812647 0.007246532 -9999 0.001085737 -9999 0.0001280923 0.0001768409 0.006915736 0.003156868 0.002577589 0.004455546 0.006532451 0.001767147 0.009911846 0.01533281 0.03970067 0.01626558 0.01984432 0.02660086 0.07359145 0.04032306 0.01118535 0.02568952 0.02794721 0.001951203 0.04151066 0.02774484 0.004351488 0.01351648 0.003598623 0.01270621 0.01404782 0.001715076 0.000716404 0.001841502 0.00269881 0.001133901 0.001133901 0.00637487 0.01221544 0.005953717 0.002805434 0.001517812 0.006150878 0.006150878 0.009664221 0.0012719 0.06216517 0.03118265 0.03087295 0.02081095 0.01653855 0.01754618 0.01283956 0.06824194 0.03655977 0.3063709 0.368562 0.06089816 -9999 -9999 -9999 -9999 -9999 -9999 -9999 -9999 -9999 -9999 -9999 -9999
0.1427666 0.01039678 -9999 -9999 0.02114208 0.04254173 0.002771678 0.0001021257 2.693232e-005 0.003550196 0.007119547 0.01977246 0.0020945 0.01638216 0.007011681 0.001439401 0.02132938 0.001424778 -9999 0.01364359 0.01626558 0.007390097 0.02660086 0.07359145 0.04032306 0.0127834 0.008148854 0.02794721 0.02794721 0.01604107 0.001566742 0.0009356574 0.01351648 0.004863989 0.003208383 0.01404782 0.02358911 0.1815829 0.005588378 0.002169853 0.009990486 0.003590043 0.003833352 0.01221544 0.01221544 0.01252873 0.001057141 0.001267464 0.01965028 0.005010418 0.02904857 0.08320882 0.04883859 0.02969942 0.02081095 0.03951231 0.0797909 0.01754618 0.06824194 0.1617556 0.3063709 0.368562 -9999 -9999 -9999 -9999 -9999 -9999 -9999 -9999 -9999 -9999 -9999 -9999 -9999
0.1427666 0.02814111 0.02814111 1.612413e-005 -9999 -9999 0.002763451 0.0007825081 1.723213e-005 0.0007692773 0.0001143436 0.001086845 0.0020945 0.01638216 0.001674815 0.003482408 0.02132938 0.03086592 0.0006786744 0.003712549 0.008702651 0.01263515 0.02043189 0.0344062 0.0304967 0.0127834 0.008148854 0.01020622 0.06891271 0.001425658 0.001032182 0.01109657 0.01109657 0.05823864 0.02472059 0.03840265 0.02358911 0.1815829 0.07477567 0.0063586 0.009990486 0.001990615 0.001913874 0.06608461 0.03401651 0.03401651 0.02288884 0.02765713 0.06488339 0.06488339 0.04612033 0.08320882 0.08320882 0.03791587 0.01909447 0.04354734 0.0797909 0.009477896 0.04536427 0.1617556 0.2139755 0.2139755 -9999 -9999 -9999 -9999 -9999 -9999 -9999 -9999 -9999 -9999 -9999 -9999 -9999
0.03949484 0.003467764 0.08621703 0.07912954 0.07912954 -9999 5.022642e-005 0.006966279 0.02175886 0.0006131131 0.01914897 -9999 0.05589277 0.0006478765 0.00496233 0.0005133333 0.004985291 0.01215734 0.004224925 0.01548134 0.00132317 0.009438124 0.08305505 0.02043189 0.0304967 0.03119618 0.03378583 0.03378583 0.06891271 0.0622853 0.001021056 0.01948738 0.04813321 0.05823864 0.02136808 0.03840265 0.125039 0.09366235 0.07477567 0.0063586 0.004597882 0.003861775 0.001913874 0.06608461 0.00486888 0.02700669 0.02700669 0.04119911 0.06488339 0.06488339 0.04612033 0.04612033 0.1321907 0.1762917 0.1762917 0.04354734 0.0332331 0.08930229 0.07358816 0.08018882 0.007561127 -9999 -9999 -9999 -9999 -9999 -9999 -9999 -9999 -9999 -9999 -9999 -9999 -9999 -9999
0.03949484 0.101737 0.101737 0.03733584 0.01129767 0.002410918 0.002410918 -9999 0.001256072 0.001782759 0.000863193 -9999 0.05589277 0.05589277 0.007929375 0.003703393 0.03872919 0.01215734 0.03010261 0.003648495 0.04130145 0.04938973 0.08305505 0.02532725 0.04016142 0.0294623 0.01330959 0.03846391 0.03846391 0.0622853 0.05551877 0.03792875 0.01044651 0.1239196 0.03340641 0.03476177 0.125039 0.09366235 0.04143964 0.04143964 0.01767677 0.003861775 0.01755541 0.01755541 8.599028e-005 0.07737829 0.07737829 0.07014813 0.08670016 0.1099765 0.07809175 0.09455308 0.1321907 0.1321907 0.01846548 0.02526156 0.04384088 0.08930229 0.07358816 0.08018882 -9999 -9999 -9999 -9999 -9999 -9999 -9999 -9999 -9999 -9999 -9999 -9999 -9999 -9999 -9999
0.1100711 0.101737 0.101737 0.04089142 0.02785892 0.01624862 -9999 -9999 0.006113096 0.001328044 0.0006355951 0.002118575 0.009632042 0.007645142 0.02656317 0.0003815498 0.005186301 0.005889946 0.002608513 0.02371799 0.02540777 0.03735384 0.04056249 0.009050597 0.0294623 0.0294623 0.01330959 0.02767006 0.07635795 0.07422326 0.05551877 0.1929622 0.1332071 0.1332071 0.03340641 0.002850731 0.02365595 0.02365595 0.02954768 0.002425274 0.008619196 0.0060947 0.02997352 2.622844e-005 1.266839e-006 0.02702562 0.03343003 0.07014813 0.08670016 0.03105271 0.07809175 0.09455308 0.03003375 0.03003375 0.008886476 0.001583683 0.04384088 0.003251034 0.06621207 0.06621207 -9999 -9999 -9999 -9999 -9999 -9999 -9999 -9999 -9999 -9999 -9999 -9999 -9999 -9999 -9999
0.1158932 -9999 0.0004592325 0.04089142 0.002996594 0.01624862 -9999 -9999 0.0004840979 0.003138216 0.004667037 -9999 0.001090461 0.0001464621 -9999 0.001910142 0.0003532379 -9999 0.003851216 0.02371799 0.02540777 0.0202396 0.02863266 0.02863266 0.009212824 0.001611587 0.1185936 0.2926654 0.2926654 0.07488122 0.07488122 0.177133 0.177133 0.1332071 0.008389217 0.03864317 0.03864317 0.08522663 0.08522663 0.005307993 0.003986807 0.005643485 0.002053544 0.0001437857 0.0328503 -9999 0.06638008 0.04637719 0.04637719 0.07012618 0.02289414 0.0003630193 0.009784597 0.006824536 0.01743653 0.01566515 0.02730461 0.02730461 0.06307803 -9999 -9999 -9999 -9999 -9999 -9999 -9999 -9999 -9999 -9999 -9999 -9999 -9999 -9999 -9999 -9999
0.00582875 0.006721167 0.001291383 3.245645e-005 0.002673341 0.001049614 -9999 0.02248157 0.04394583 -9999 0.02184191 0.02100585 0.0001583628 0.05600787 0.0008984095 0.002139828 0.03382395 0.1189232 0.04372349 0.04372349 0.001707078 0.0202396 0.02442476 0.04112952 0.05448049 0.02815409 0.02355401 0.06221549 0.05288162 0.0621353 0.05293967 0.07123283 0.05447939 0.01562389 0.01695266 0.03669013 0.001524146 0.000666289 0.001716567 8.867592e-005 0.1253618 0.01047598 0.03708095 0.03776361 0.0328503 0.0328503 0.06638008 0.06638008 0.01991204 0.03623735 0.03623735 0.004738424 0.006228704 0.002477765 0.0005136479 0.01883601 0.05206014 0.1457362 0.05466352 -9999 -9999 -9999 -9999 -9999 -9999 -9999 -9999 -9999 -9999 -9999 -9999 -9999 -9999 -9999 -9999
0.00113322 -9999 -9999 -9999 -9999 -9999 -9999 -9999 -9999 0.001425378 0.01283771 0.0138766 0.01894834 0.007528889 -9999 0.001236788 0.01959663 0.04484304 0.007066889 0.08803891 0.03822185 0.001268591 0.03083782 0.09422187 0.01803352 0.2312876 0.001827196 0.03702963 0.05288162 0.09205816 0.05293967 0.07123283 0.02233065 0.01326427 0.01864141 0.03669013 0.002166435 0.002225939 0.001442207 0.008471685 0.1253618 0.2331534 0.001641361 0.002090749 0.01604636 0.03516013 0.06955349 0.04695959 0.02522301 0.005671551 0.0006697335 0.001612884 0.003692785 -9999 0.005255199 0.01288634 0.01946285 0.01946285 0.3735645 -9999 -9999 -9999 -9999 -9999 -9999 -9999 -9999 -9999 -9999 -9999 -9999 -9999 -9999 -9999 -9999
0.01572606 0.01572606 -9999 -9999 -9999 -9999 0.001895412 -9999 -9999 0.01785848 0.03308603 0.0138766 -9999 0.0002150602 0.005312819 0.0009167104 0.01183126 0.04484304 0.03393083 0.08803891 0.03357094 0.03357094 0.04049145 0.09422187 0.0754939 0.03751426 0.04665251 0.1393184 0.01075663 0.09205816 0.1037413 0.03408978 0.007357283 0.005288118 0.01864141 0.003780437 0.02100769 0.002030874 0.003914148 0.05282068 0.02610638 0.01149353 0.3338008 0.3986061 0.2327139 0.02506113 0.06955349 0.0002979439 0.001462262 -9999 0.009183991 0.009183991 0.009180341 0.0007089601 0.002230155 0.02185114 0.07972705 0.353712 0.3735645 0.009260656 -9999 -9999 -9999 -9999 -9999 -9999 -9999 -9999 -9999 -9999 -9999 -9999 -9999 -9999 -9999
-9999 -9999 -9999 -9999 -9999 -9999 -9999 0.001966594 -9999 0.004995334 0.02831685 0.01250855 0.00422341 0.00422341 0.001302933 0.0193123 0.004778259 0.0001430554 0.03393083 0.05377544 0.05310955 0.4673951 0.7116995 0.4709692 0.1669641 0.04769528 0.04665251 0.1767976 0.05492075 0.04393824 0.005046637 0.02485453 0.005985577 0.07937553 0.07937553 0.007448973 0.0009086512 0.08366463 0.03018025 0.05501084 0.07762538 0.07878155 0.1435307 0.1364521 0.2327139 0.04494461 0.01230473 0.006821312 0.0006640838 0.01387413 0.002045309 0.004085965 0.001455737 3.666933e-005 0.0002643968 0.1668103 0.117121 0.1677045 0.1677045 0.03107889 -9999 -9999 -9999 -9999 -9999 -9999 -9999 -9999 -9999 -9999 -9999 -9999 -9999 -9999 -9999
0.002701859 -9999 -9999 -9999 -9999 0.01298683 -9999 0.001966594 0.0008533628 -9999 0.002647483 0.01250855 0.09806393 -9999 0.00166022 0.0004204295 0.04581577 0.00626674 0.01519363 0.1556158 0.1644477 0.4673951 0.7116995 0.4709692 0.4709692 0.04769528 0.05550526 0.2127106 0.05492075 0.01047172 0.001074122 0.06119114 0.004208387 0.07937553 0.0376822 0.001768504 0.05602216 0.08366463 0.08366463 0.05501084 0.07762538 0.07878155 0.1364521 0.1364521 0.03048045 0.001875944 0.01230473 0.006268524 0.01826858 0.07201019 0.003401518 0.004021401 0.02052314 0.01042353 0.001162826 0.1668103 0.1668103 0.117121 -9999 -9999 -9999 -9999 -9999 -9999 -9999 -9999 -9999 -9999 -9999 -9999 -9999 -9999 -9999 -9999 -9999
-9999 0.001000319 0.002789177 0.005131533 0.01158526 -9999 0.00151035 -9999 0.004016915 0.04080534 -9999 0.001074415 0.01230222 0.02150575 0.001444492 0.03599217 0.04581577 0.007269115 0.03339671 0.1556158 0.03165052 0.1815857 0.281654 0.281654 -9999 0.007145796 0.05550526 0.2127106 0.04695369 0.06106217 0.008195351 0.06119114 0.03678221 0.03771429 0.01738089 0.04681662 0.0006150207 0.0004686908 0.02329499 0.03249317 0.03938533 0.03751611 0.03751611 0.004879119 0.0164638 0.0164638 0.007390216 0.0003676865 0.05511859 0.04418096 0.009098027 0.163775 0.02239609 0.01343382 0.01277092 0.01277092 -9999 -9999 -9999 -9999 -9999 -9999 -9999 -9999 -9999 -9999 -9999 -9999 -9999 -9999 -9999 -9999 -9999 -9999 -9999
-9999 0.02049734 0.007444512 0.09334879 0.01158526 -9999 0.00151035 -9999 0.0002610807 -9999 4.825789e-005 -9999 -9999 -9999 0.0006551637 0.03599217 0.03599217 0.001175531 0.0142165 0.00725807 0.0518514 0.06128878 0.07348958 0.02914524 0.02914524 0.001107862 0.04383484 0.03950698 0.04695369 0.0887446 0.0008425317 0.001069807 0.03678221 0.03678221 0.01216224 0.01216224 0.001710651 4.896038e-005 0.03550688 0.002114258 0.03938533 0.03938533 0.01698485 0.004067001 0.006537693 0.007620638 0.007620638 0.01032727 0.05511859 0.0515831 0.1338978 0.1956183 0.03349131 0.001042273 0.0121825 -9999 -9999 -9999 -9999 -9999 -9999 -9999 -9999 -9999 -9999 -9999 -9999 -9999 -9999 -9999 -9999 -9999 -9999 -9999 -9999
-9999 0.01855592 0.01629592 0.0002657666 0.01635911 9.757718e-006 -9999 0.005424662 -9999 -9999 0.002130412 0.0004656873 -9999 -9999 0.0005590301 0.0003718655 0.001730015 0.003446466 0.007616076 0.007616076 0.001177163 0.02602331 0.07348958 0.003505579 0.03296818 0.1431318 0.04383484 0.03410463 0.2737083 0.0887446 0.0003509335 0.0403278 0.09801979 -9999 0.01079694 0.009323893 0.01465015 0.04704372 0.01158922 0.002473171 0.01275229 0.01030966 0.07951823 0.03218616 0.01233825 0.02807767 0.0243399 0.01032727 0.007761133 0.0515831 0.1338978 0.1956183 -9999 -9999 -9999 -9999 -9999 -9999 -9999 -9999 -9999 -9999 -9999 -9999 -9999 -9999 -9999 -9999 -9999 -9999 -9999 -9999 -9999 -9999 -9999
-9999 0.04992254 -9999 -9999 -9999 -9999 -9999 -9999 -9999 -9999 -9999 -9999 -9999 0.001166748 0.0004986096 0.006127582 0.006276796 0.001933597 0.001933597 0.02105697 0.02105697 0.02602331 0.002946591 0.02477155 0.03296818 0.1253402 0.0327776 0.2340535 0.2737083 0.2737083 0.01260916 0.009693747 0.01358321 0.001339977 0.01591559 0.001330861 0.0007272043 0.04704372 0.009344826 0.01122918 0.03682739 0.03682739 0.0252397 0.02823842 0.02314323 0.02807767 0.02807767 0.07368676 0.09648593 0.1373567 0.04261338 0.04261338 -9999 -9999 -9999 -9999 -9999 -9999 -9999 -9999 -9999 -9999 -9999 -9999 -9999 -9999 -9999 -9999 -9999 -9999 -9999 -9999 -9999 -9999 -9999
0.1356616 0.1356616 0.0292149 -9999 -9999 -9999 0.0001268631 -9999 -9999 -9999 -9999 0.0005585721 -9999 -9999 -9999 0.0002253676 0.0006808062 0.02003965 -9999 0.000417129 0.0002935514 0.009975482 0.00720608 0.02620856 0.258669 0.1152543 0.1132777 0.2340535 0.2340535 0.0001823747 0.03747064 0.05644375 0.001909836 9.554161e-005 0.00509403 0.008239134 0.01153127 0.004412607 0.004435071 0.03125975 0.02159058 0.003359193 0.02458182 0.02823842 0.007423745 0.004640371 0.004820598 0.05790264 0.04559382 0.05792864 -9999 -9999 -9999 -9999 -9999 -9999 -9999 -9999 -9999 -9999 -9999 -9999 -9999 -9999 -9999 -9999 -9999 -9999 -9999 -9999 -9999 -9999 -9999 -9999 -9999
0.1330432 -9999 -9999 -9999 -9999 1.024069e-006 -9999 -9999 -9999 -9999 -9999 0.0005292744 0.003028285 0.0009598072 0.0002764836 0.01586688 0.0006808062 0.02003965 0.02740763 0.008153898 0.0003904742 0.003051506 0.005884346 0.1462898 0.258669 0.1152543 0.1291828 0.1291828 0.06819049 0.0001059502 -9999 0.01922655 0.09270643 -9999 0.03339379 0.008239134 0.001300769 0.0005102764 0.004435071 0.03125975 0.0279905 0.06865393 0.004266525 0.000153469 0.03311904 0.1294235 0.115829 0.1484982 0.1484982 -9999 -9999 -9999 -9999 -9999 -9999 -9999 -9999 -9999 -9999 -9999 -9999 -9999 -9999 -9999 -9999 -9999 -9999 -9999 -9999 -9999 -9999 -9999 -9999 -9999 -9999
0.01672742 -9999 -9999 -9999 0.006411189 -9999 -9999 -9999 0.000330876 0.01156228 -9999 1.860638e-006 -9999 -9999 -9999 4.190807e-006 0.0002407147 -9999 0.004151922 0.004275036 0.003968691 0.02894248 0.0207822 0.1462898 0.2319016 0.04593648 0.1291828 0.1291828 0.04382072 0.01075428 0.07558677 0.03826752 0.1675499 0.02994773 0.09834847 0.0001804237 -9999 0.01105463 0.0003110742 0.004364256 0.0279905 0.06865393 0.008858463 0.01377548 0.01991702 0.5689924 0.1294235 0.115829 -9999 -9999 -9999 -9999 -9999 -9999 -9999 -9999 -9999 -9999 -9999 -9999 -9999 -9999 -9999 -9999 -9999 -9999 -9999 -9999 -9999 -9999 -9999 -9999 -9999 -9999 -9999
-9999 0.1364353 0.1364353 -9999 6.353997e-005 -9999 0.03600905 -9999 -9999 -9999 0.006799907 0.01007859 -9999 0.03255434 0.04810178 0.02126273 0.02126273 -9999 0.004914752 -9999 -9999 0.0004605638 -9999 0.04098512 0.01224591 0.02031546 0.02750643 0.02750643 0.003397791 0.01075428 0.1307989 0.0387397 0.1675499 0.1675499 0.09834847 0.07175126 0.02881605 0.0147615 0.00619175 0.003829658 0.06038357 0.01355699 0.03146696 0.005093254 0.01492074 0.5689924 0.04402282 0.1248015 -9999 -9999 -9999 -9999 -9999 -9999 -9999 -9999 -9999 -9999 -9999 -9999 -9999 -9999 -9999 -9999 -9999 -9999 -9999 -9999 -9999 -9999 -9999 -9999 -9999 -9999 -9999
0.03467412 0.05271497 0.01538831 0.1961421 -9999 -9999 0.03600905 0.01437869 0.087348 0.002828435 0.02131079 0.01653872 0.004892319 0.01953298 0.04810178 0.003940422 -9999 -9999 0.004914752 0.00328716 0.03724253 0.008874438 0.1703291 0.01257261 0.177527 0.002366503 0.1040204 0.0009086222 0.003119943 0.03872126 0.1307989 0.1307989 0.1579375 0.1579375 0.0761871 0.07175126 0.07175126 0.0147615 0.003147412 0.1554535 0.176804 0.1990659 0.1990659 0.004182696 0.02824139 0.1086631 0.1086631 0.1248015 -9999 -9999 -9999 -9999 -9999 -9999 -9999 -9999 -9999 -9999 -9999 -9999 -9999 -9999 -9999 -9999 -9999 -9999 -9999 -9999 -9999 -9999 -9999 -9999 -9999 -9999 -9999
0.03467412 0.03467412 0.00405093 0.8647227 0.6840528 0.119709 0.01007819 0.01287143 0.087348 0.009155783 0.01617145 0.01653872 0.02628095 0.02628095 0.002014884 -9999 -9999 0.01667876 0.01667876 0.001952654 0.08419622 0.1688297 0.1703291 0.1703291 0.177527 0.02863666 0.1040204 0.1040204 0.00891748 0.03872126 0.001369465 0.07960576 0.0361013 -9999 -9999 -9999 -9999 -9999 -9999 0.1554535 0.176804 0.176804 -9999 -9999 0.05589474 0.1086631 0.1086631 0.05285908 -9999 -9999 -9999 -9999 -9999 -9999 -9999 -9999 -9999 -9999 -9999 -9999 -9999 -9999 -9999 -9999 -9999 -9999 -9999 -9999 -9999 -9999 -9999 -9999 -9999 -9999 -9999
-9999 0.3035977 0.5268882 0.8647227 0.6840528 0.833021 0.7941767 -9999 0.0001580238 -9999 0.00625255 0.002610088 0.001313367 0.001934232 -9999 -9999 0.01863729 0.005001686 0.08581545 0.0875982 0.01823915 -9999 -9999 -9999 -9999 -9999 0.005868896 -9999 0.004474958 5.812037e-005 0.000263043 0.07960576 -9999 -9999 -9999 -9999 -9999 -9999 -9999 -9999 -9999 -9999 -9999 0.1209943 0.1209943 0.01388041 0.1258974 0.1001725 0.2363157 -9999 -9999 -9999 -9999 -9999 -9999 -9999 -9999 -9999 -9999 -9999 -9999 -9999 -9999 -9999 -9999 -9999 -9999 -9999 -9999 -9999 -9999 -9999 -9999 -9999 -9999
-9999 0.0008819139 0.148285 0.6736903 0.5821859 0.833021 0.7941767 0.779194 -9999 -9999 -9999 -9999 -9999 -9999 0.01241193 -9999 0.2463554 0.02207081 0.08581545 0.08581545 -9999 -9999 -9999 -9999 -9999 -9999 -9999 -9999 -9999 -9999 -9999 -9999 -9999 -9999 -9999 -9999 -9999 -9999 -9999 -9999 -9999 -9999 -9999 -9999 0.1332046 0.005415338 0.0102339 0.1001725 0.2363157 -9999 -9999 -9999 -9999 -9999 -9999 -9999 -9999 -9999 -9999 -9999 -9999 -9999 -9999 -9999 -9999 -9999 -9999 -9999 -9999 -9999 -9999 -9999 -9999 -9999 -9999
-9999 -9999 -9999 0.05823006 0.05823006 0.3126294 0.779194 0.1246903 -9999 -9999 -9999 0.02261093 -9999 -9999 0.003839351 0.08143348 0.2463554 0.2463554 -9999 -9999 -9999 -9999 -9999 -9999 -9999 -9999 -9999 -9999 -9999 -9999 -9999 -9999 -9999 -9999 -9999 -9999 -9999 -9999 -9999 -9999 -9999 -9999 -9999 -9999 0.03617659 0.03617659 0.02541155 0.1174913 0.07177901 -9999 -9999 -9999 -9999 -9999 -9999 -9999 -9999 -9999 -9999 -9999 -9999 -9999 -9999 -9999 -9999 -9999 -9999 -9999 -9999 -9999 -9999 -9999 -9999 -9999 -9999
-9999 -9999 -9999 -9999 -9999 0.4191657 0.4191657 0.2142593 0.04655863 -9999 -9999 -9999 -9999 0.002222633 0.001652371 0.1033738 0.04345866 -9999 -9999 -9999 -9999 -9999 -9999 -9999 -9999 -9999 -9999 -9999 -9999 -9999 -9999 -9999 -9999 -9999 -9999 -9999 -9999 -9999 -9999 -9999 -9999 -9999 -9999 -9999 0.02137943 0.1213612 0.02541155 0.1174913 0.1174913 0.07362676 -9999 -9999 -9999 -9999 -9999 -9999 -9999 -9999 -9999 -9999 -9999 -9999 -9999 -9999 -9999 -9999 -9999 -9999 -9999 -9999 -9999 -9999 -9999 -9999 -9999
-9999 -9999 -9999 0.0177518 0.02319256 0.6628377 0.7642851 -9999 -9999 -9999 -9999 -9999 -9999 -9999 -9999 0.1718751 -9999 -9999 -9999 -9999 -9999 -9999 -9999 -9999 -9999 -9999 -9999 -9999 -9999 -9999 -9999 -9999 -9999 -9999 -9999 -9999 -9999 -9999 -9999 -9999 -9999 -9999 -9999 -9999 0.0007683063 0.1213612 0.04813225 0.09576571 0.09576571 0.08592596 -9999 -9999 -9999 -9999 -9999 -9999 -9999 -9999 -9999 -9999 -9999 -9999 -9999 -9999 -9999 -9999 -9999 -9999 -9999 -9999 -9999 -9999 -9999 -9999 -9999
-9999 0.01196196 0.8284171 0.332825 0.02170463 0.6628377 0.7642851 0.2039328 -9999 -9999 -9999 0.0806049 0.5581942 0.7751248 0.9325339 0.9325339 -9999 -9999 -9999 -9999 -9999 -9999 -9999 -9999 -9999 -9999 -9999 -9999 -9999 -9999 -9999 -9999 -9999 -9999 -9999 -9999 -9999 -9999 -9999 -9999 -9999 -9999 -9999 -9999 -9999 0.1206963 0.0917966 0.1189562 0.1189562 0.08592596 -9999 -9999 0.0001440681 5.756377e-005 -9999 -9999 -9999 -9999 -9999 -9999 -9999 -9999 -9999 -9999 -9999 -9999 -9999 -9999 -9999 -9999 -9999 -9999 -9999 -9999 -9999
-9999 -9999 0.332825 0.332825 -9999 0.005809558 0.1242536 0.1242536 -9999 -9999 3.340618e-005 0.03871557 0.3800947 0.7751248 0.9325339 0.6206883 -9999 -9999 -9999 -9999 -9999 -9999 -9999 -9999 -9999 -9999 -9999 -9999 -9999 -9999 -9999 -9999 -9999 -9999 -9999 -9999 -9999 -9999 -9999 -9999 -9999 -9999 -9999 -9999 -9999 0.0135804 0.1627288 0.4342716 0.1189562 0.02069579 -9999 -9999 -9999 -9999 -9999 -9999 -9999 -9999 -9999 -9999 -9999 -9999 -9999 -9999 -9999 -9999 -9999 -9999 -9999 -9999 -9999 -9999 -9999 -9999 -9999
-9999 -9999 -9999 -9999 -9999 -9999 -9999 -9999 0.1982721 0.7035686 -9999 -9999 -9999 -9999 0.5525157 0.5525157 -9999 -9999 -9999 -9999 -9999 -9999 -9999 -9999 -9999 -9999 -9999 -9999 -9999 -9999 -9999 -9999 -9999 -9999 -9999 -9999 -9999 -9999 -9999 -9999 -9999 -9999 -9999 -9999 -9999 -9999 0.1627288 0.4342716 0.9281161 0.4019915 -9999 -9999 -9999 -9999 -9999 -9999 -9999 -9999 -9999 -9999 -9999 -9999 -9999 -9999 -9999 -9999 -9999 -9999 -9999 -9999 -9999 -9999 -9999 -9999 -9999
-9999 -9999 -9999 -9999 -9999 -9999 -9999 -9999 0.1492839 0.7035686 0.1313324 -9999 -9999 -9999 0.5525157 0.5525157 -9999 -9999 -9999 -9999 -9999 -9999 -9999 -9999 -9999 -9999 -9999 -9999 -9999 -9999 -9999 -9999 -9999 -9999 -9999 -9999 -9999 -9999 -9999 -9999 -9999 -9999 -9999 -9999 -9999 -9999 -9999 0.3194434 0.9281161 0.9281161 -9999 -9999 -9999 0.0004192573 0.0002743566 1.676645e-005 1.790252e-005 -9999 -9999 -9999 -9999 -9999 -9999 -9999 -9999 -9999 -9999 -9999 -9999 -9999 -9999 -9999 -9999 -9999 -9999
-9999 -9999 -9999 -9999 -9999 -9999 -9999 -9999 -9999 0.1313324 0.05088979 -9999 -9999 -9999 0.4845785 -9999 -9999 -9999 -9999 -9999 -9999 -9999 -9999 -9999 -9999 -9999 -9999 -9999 -9999 -9999 -9999 -9999 -9999 -9999 -9999 -9999 -9999 -9999 -9999 -9999 -9999 -9999 -9999 -9999 -9999 0.002786322 0.01973488 0.1854094 0.1854094 -9999 -9999 -9999 -9999 -9999 0.0002743566 -9999 -9999 2.139051e-005 -9999 -9999 -9999 -9999 -9999 -9999 -9999 -9999 -9999 -9999 -9999 -9999 -9999 -9999 -9999 -9999 -9999
-9999 0.1102159 -9999 -9999 -9999 -9999 -9999 0.03335352 -9999 0.002874483 0.05088979 -9999 -9999 -9999 0.2396341 -9999 -9999 -9999 -9999 -9999 -9999 -9999 -9999 -9999 -9999 -9999 -9999 -9999 -9999 -9999 -9999 -9999 -9999 -9999 -9999 -9999 -9999 -9999 -9999 -9999 -9999 -9999 -9999 -9999 -9999 -9999 0.0002808424 -9999 -9999 -9999 -9999 -9999 -9999 -9999 -9999 0.0007466886 -9999 7.100549e-006 -9999 -9999 -9999 -9999 -9999 -9999 -9999 -9999 -9999 -9999 -9999 -9999 -9999 -9999 -9999 -9999 -9999
