plum_harmonization/input_data/protected_areas_with_points.txt
ncols         720
nrows         360
xllcorner     -180
yllcorner     -90
cellsize      0.5
NODATA_value  -9999
[rows 99 to 131 of 360, columns 525 to 599 of 720]
-9999 -9999 -9999 -9999 -9999 -9999 -9999 -9999 -9999 -9999 -9999 -9999 -9999 -9999 -9999 -9999 -9999 -9999 -9999 0.7641754 0.8978435 1 1 0.05043567 0.09367788 0.53425 0.8711172 0.8711172 0.6912559 -9999 0.6307039 0.002821415 0.1247336 0.2480322 -9999 -9999 -9999 -9999 0.01368747 -9999 0.105756 0.6063415 -9999 -9999 -9999 -9999 -9999 -9999 0.1638555 0.2945309 0.1523325 -9999 0.2625978 0.2625978 -9999 -9999 0.2874381 -9999 0.03386258 -9999 0.03163697 -9999 -9999 0.07570515 0.03319266 0.06488191 0.03957042 0.04693927 0.0004656229 0.006148734 0.02268738 -9999 -9999 0.02664035 0.01840976
-9999 -9999 -9999 -9999 -9999 -9999 -9999 -9999 -9999 -9999 -9999 -9999 -9999 -9999 -9999 -9999 -9999 -9999 0.9691104 0.9691104 0.9681597 1 1 0.2098142 0.1281575 -9999 0.9620796 1 1 0.9622763 0.6307039 0.6307039 0.1041522 0.2124452 -9999 -9999 0.08430255 0.08430255 0.3293645 -9999 0.01438134 0.6063415 -9999 -9999 -9999 -9999 0.549852 0.696603 0.2625483 0.5458768 -9999 -9999 0.2625978 0.2625978 -9999 -9999 0.00840244 0.0004202602 -9999 -9999 0.106033 0.1178485 -9999 0.7053858 0.03319266 0.06488191 0.06200673 0.06200673 -9999 0.002517833 0.07871192 -9999 -9999 0.06755032 0.06755032
-9999 -9999 -9999 -9999 -9999 -9999 -9999 -9999 -9999 -9999 -9999 -9999 0.03987579 0.8352024 0.986743 0.986743 0.8352489 0.8646452 0.9691104 0.9691104 0.9681597 0.631817 0.5902732 0.2432086 0.2098142 0.1843094 0.9620796 1 1 0.9622763 0.6087334 -9999 -9999 -9999 -9999 0.01026914 0.01494637 -9999 0.3293645 -9999 0.287996 0.5069924 0.2712592 0.6756269 0.9993911 -9999 0.7589924 0.7589924 0.007780835 0.5458768 0.5458768 -9999 0.03574676 0.04416501 -9999 -9999 0.05325979 -9999 -9999 0.04765509 0.05485743 0.1178485 0.1659859 0.7053858 0.7053858 -9999 -9999 -9999 -9999 0.0008363992 0.07871192 -9999 -9999 -9999 -9999
-9999 -9999 -9999 -9999 0.9977376 1 1 1 -9999 -9999 -9999 -9999 0.008941659 0.8352024 0.986743 0.986743 0.8352489 0.663929 0.4989907 0.2598813 -9999 -9999 -9999 -9999 -9999 -9999 0.2356678 0.7240217 0.9369058 -9999 -9999 -9999 -9999 -9999 -9999 -9999 0.004671502 -9999 -9999 -9999 0.287996 0.5069924 -9999 0.6756269 0.9993911 0.9993911 0.7589924 0.7589924 0.1435383 0.05669626 -9999 -9999 0.0791552 -9999 -9999 0.144632 -9999 0.1724822 0.1294957 0.1644721 -9999 -9999 0.04973019 -9999 -9999 -9999 -9999 -9999 -9999 0.2022027 0.2022027 -9999 -9999 -9999 -9999
-9999 -9999 -9999 0.247323 1 1 1 1 0.9926955 -9999 -9999 -9999 -9999 0.04781267 0.04781267 -9999 -9999 -9999 -9999 -9999 -9999 -9999 -9999 -9999 -9999 -9999 0.6270297 0.6270297 0.1956923 -9999 -9999 -9999 -9999 -9999 -9999 0.08253679 0.5961791 0.5961791 0.4810614 -9999 0.2170642 0.2969093 0.2969093 0.5602687 0.9270257 0.9270257 0.2385806 0.1751848 0.1751848 -9999 -9999 -9999 -9999 -9999 -9999 0.01850776 -9999 0.1724822 0.1140562 0.1348312 -9999 -9999 0.1148403 -9999 -9999 -9999 -9999 -9999 -9999 0.0003811819 0.449791 0.449791 0.6208143 -9999 -9999
-9999 -9999 -9999 0.247323 1 1 1 1 0.9926955 0.9383128 1 1 1 1 1 1 1 -9999 -9999 -9999 -9999 -9999 -9999 -9999 -9999 0.08295184 0.6270297 0.6270297 -9999 -9999 -9999 -9999 -9999 -9999 -9999 -9999 -9999 0.2553743 0.4810614 -9999 0.03626449 -9999 -9999 -9999 -9999 -9999 0.01685364 0.00572323 0.005785075 -9999 -9999 -9999 -9999 -9999 -9999 -9999 -9999 0.07394276 0.1130893 0.01119933 0.04434584 0.1581797 0.04504141 -9999 -9999 -9999 0.03380859 -9999 -9999 -9999 0.449791 0.449791 0.6208143 0.6208143 -9999
-9999 -9999 -9999 7.591821e-005 0.4282502 0.8181635 0.8181635 0.9807184 1 1 1 1 1 1 1 1 1 0.8804895 -9999 -9999 -9999 -9999 -9999 -9999 -9999 0.04020756 0.04020756 0.03501601 -9999 -9999 -9999 -9999 -9999 0.05343135 0.3778109 0.7213785 0.7213785 -9999 -9999 0.008154938 0.4886829 -9999 0.1025041 0.01234504 0.05335549 -9999 0.01685364 0.1260817 -9999 -9999 -9999 -9999 -9999 -9999 -9999 -9999 0.01378939 0.1314316 -9999 0.1384833 0.1384833 0.1581797 0.116484 0.001623039 -9999 -9999 -9999 -9999 -9999 -9999 0.0466143 0.0466143 0.1917313 -9999 0.01461725
-9999 -9999 -9999 -9999 0.9682338 1 1 1 1 1 1 1 1 1 1 1 1 0.9997743 -9999 -9999 -9999 -9999 -9999 -9999 0.007900928 0.00904613 -9999 -9999 -9999 -9999 -9999 -9999 -9999 0.03004985 0.3778109 0.7213785 0.7213785 -9999 -9999 0.008154938 0.4886829 -9999 -9999 0.0277369 0.0277369 -9999 -9999 -9999 -9999 -9999 -9999 -9999 -9999 -9999 -9999 -9999 4.789402e-005 0.07844494 0.1231882 0.1231882 0.0573034 0.1317861 0.116484 -9999 -9999 -9999 0.03736761 0.01694618 -9999 0.07386253 0.02465785 0.1019629 0.04466139 -9999 -9999
-9999 0.9536083 1 1 1 1 1 1 1 1 1 1 1 1 1 1 1 1 1 -9999 -9999 -9999 -9999 -9999 -9999 -9999 -9999 -9999 -9999 -9999 -9999 -9999 -9999 0.7698662 0.998621 0.998621 -9999 -9999 -9999 -9999 -9999 0.04436035 -9999 -9999 -9999 -9999 -9999 0.3588007 -9999 -9999 -9999 -9999 -9999 -9999 0.5022941 -9999 0.04750273 0.04750273 0.05435501 -9999 -9999 0.1603346 -9999 -9999 -9999 1.904298e-005 0.01043444 0.06195357 8.537089e-005 0.07386253 0.3305075 0.3305075 0.03562503 -9999 -9999
1 1 1 1 1 1 1 1 1 1 1 1 1 1 1 1 1 1 1 1 1 1 1 1 1 -9999 -9999 -9999 -9999 -9999 -9999 -9999 0.9884864 1 1 1 -9999 -9999 0.7972575 -9999 0.1487679 0.04436035 0.04413972 0.08792112 -9999 0.002468301 -9999 0.3588007 0.3588007 -9999 -9999 -9999 -9999 -9999 0.5022941 0.5022941 0.04973954 -9999 0.1972585 -9999 0.4585254 0.08544167 -9999 0.04669898 -9999 -9999 -9999 0.05496913 -9999 0.01438304 0.05556334 0.05556334 -9999 0.04743657 -9999
1 1 1 1 1 1 1 1 1 1 1 1 1 1 1 1 1 1 1 1 1 1 1 1 1 1 1 1 1 1 1 1 1 1 1 1 1 1 1 0.849093 -9999 -9999 0.06516495 -9999 0.002057885 -9999 -9999 0.1390945 0.1390945 -9999 -9999 0.01247412 0.1193656 -9999 -9999 0.1109109 0.3145421 0.3145421 0.1972585 0.2430181 0.4585254 -9999 -9999 0.04669898 0.06573284 -9999 -9999 0.007918837 0.1696789 0.05148452 0.05556334 0.05556334 -9999 -9999 -9999
1 1 1 1 1 1 1 1 1 1 1 1 1 1 1 1 1 1 1 1 1 1 1 1 1 1 1 1 1 1 1 1 1 1 1 1 1 1 1 0.849093 0.4385613 0.01010081 0.1083803 0.1131578 0.01898048 -9999 -9999 -9999 -9999 -9999 -9999 -9999 -9999 0.1193304 0.1193304 0.044076 0.3145421 0.3145421 0.01739006 0.03543068 0.01512662 0.02077219 0.02077219 0.1225153 0.1225153 -9999 -9999 0.05414326 0.0811843 0.2097835 0.009405295 0.02314791 -9999 0.01636257 -9999
1 1 1 1 1 1 1 1 1 1 1 1 1 1 1 1 1 1 1 1 1 1 1 1 1 1 1 1 1 1 1 1 1 1 1 1 1 0.7757434 0.8250439 0.8250439 0.692292 0.4385613 0.1083803 0.1131578 -9999 0.0434452 -9999 0.02058614 0.02058614 0.1289614 0.5159651 -9999 -9999 0.04071184 0.04071184 0.002000407 0.01305801 -9999 -9999 0.07274755 -9999 -9999 -9999 -9999 -9999 -9999 -9999 0.05414326 -9999 0.0698971 -9999 0.03248368 -9999 -9999 0.09563323
1 1 1 1 1 1 1 1 1 1 1 1 1 1 1 1 1 1 1 1 1 1 1 1 1 1 1 1 1 1 1 0.9981853 0.9293842 1 1 1 1 1 1 0.8202263 0.7530743 0.692292 -9999 -9999 -9999 0.2519 -9999 0.24728 0.05274732 0.1289614 0.5159651 0.5159651 0.07458974 0.07458974 -9999 -9999 0.1602411 0.3707988 0.3707988 0.07274755 -9999 -9999 -9999 -9999 -9999 -9999 -9999 0.0001478531 -9999 -9999 -9999 -9999 -9999 0.0007782762 0.008562929
0.9355509 1 1 1 1 1 1 1 1 1 1 1 1 1 1 1 1 1 0.9698716 1 1 1 1 1 1 1 1 1 1 1 1 0.4719269 0.4719269 0.9524925 1 1 1 1 1 0.8202263 0.7530743 0.3962855 0.349009 0.4616921 0.6605935 0.2519 0.02804859 0.1062119 0.07064559 0.1511312 0.1511312 -9999 -9999 -9999 -9999 -9999 0.001074196 0.2248497 0.2610127 0.2610127 -9999 -9999 -9999 0.07739384 -9999 -9999 -9999 -9999 -9999 -9999 -9999 0.1155063 0.1155063 0.1072294 -9999
0.1371486 0.6779847 0.9938061 0.9999999 0.9999999 0.9999999 0.9999999 0.9999999 0.9999999 0.9999999 0.9999999 0.9999999 0.9999999 0.9999999 0.9999999 0.9999999 0.9999999 0.9649417 0.0916481 0.410898 0.5374913 0.773935 0.927911 0.9329354 0.9329354 0.9999999 1 1 1 0.9999999 0.9577883 0.7095841 -9999 0.1736873 0.4827118 0.7235126 0.7847492 0.8947576 0.8947576 0.6278291 0.002873406 0.04862621 0.349009 0.4616921 0.6605935 0.6605935 0.01737204 0.0556572 0.1909936 0.1909936 0.04031793 -9999 0.04391143 0.04391143 0.2161328 0.2322684 0.06731565 0.1688577 0.1688577 0.00331078 -9999 -9999 -9999 -9999 -9999 -9999 0.01427381 0.04190822 -9999 -9999 -9999 0.001319124 0.001319124 -9999 0.01996896
-9999 -9999 0.06509863 0.1097787 0.2811567 0.6170599 0.7511104 0.7996423 0.8044991 0.8044991 0.7604438 0.6942601 0.929253 0.929253 0.4653833 0.2931653 0.1592855 0.4275652 0.5027914 -9999 -9999 0.003251742 0.02129468 0.02244046 0.06283952 0.5604098 1 1 1 0.9632301 0.0192001 0.04914301 0.2009189 -9999 -9999 0.008416831 0.5046827 0.5046827 0.1245476 0.2508905 0.3128506 0.3128506 0.2144987 0.2306984 0.1308492 0.1738028 0.0752825 0.1579949 -9999 0.009861727 -9999 0.006041475 0.2366052 0.2288524 0.2161328 0.2322684 0.06731565 0.06731565 -9999 -9999 -9999 0.0379888 0.02029004 -9999 -9999 0.01300892 -9999 0.0543432 -9999 -9999 0.01341697 0.01369619 -9999 0.0396323 -9999
-9999 -9999 -9999 -9999 -9999 -9999 -9999 -9999 -9999 -9999 0.2849089 0.6493493 0.929253 0.929253 0.7856338 -9999 -9999 0.4275652 0.5027914 -9999 -9999 -9999 -9999 -9999 -9999 0.05485206 0.5031672 0.5031672 0.4881914 -9999 -9999 -9999 0.2009189 0.5266146 -9999 0.1487149 0.2624227 0.5759894 0.1245476 0.2508905 0.4336261 0.7970778 0.4057569 0.4057569 0.3656159 0.1738028 0.1738028 0.1579949 -9999 -9999 -9999 0.1453187 0.2366052 0.2366052 0.2352562 0.3846765 0.06383327 0.03768905 -9999 -9999 0.2053294 0.3688424 0.005511417 0.0999992 0.0217083 0.02781528 0.06923022 -9999 -9999 -9999 -9999 -9999 0.3361605 -9999 0.0001255984
-9999 -9999 -9999 -9999 -9999 -9999 -9999 -9999 -9999 -9999 0.1965469 0.4578438 0.6169999 0.6169999 0.1637054 0.7534101 0.9999999 0.9999999 0.2478337 -9999 -9999 -9999 -9999 -9999 -9999 -9999 0.05448196 0.1592954 -9999 -9999 -9999 -9999 0.08623397 0.5266146 0.7097544 0.7097544 0.2624227 0.5759894 0.5759894 0.1907806 0.6253973 0.7970778 0.4057569 0.4057569 0.0441509 0.06899677 0.06899677 -9999 -9999 0.0006361903 0.09944189 0.1453187 -9999 0.1414721 0.2352562 0.3846765 0.3846765 0.03659896 0.0005036531 -9999 0.02062083 0.0534364 0.02058516 -9999 -9999 -9999 0.1982018 0.4927032 0.007570974 -9999 0.07064854 0.8890904 0.8890904 0.7689979 0.6957933
-9999 -9999 -9999 -9999 -9999 -9999 -9999 -9999 -9999 -9999 -9999 0.2158315 0.6169999 0.6169999 0.2832364 0.7534101 0.9999999 0.9999999 -9999 -9999 -9999 -9999 -9999 -9999 -9999 -9999 -9999 -9999 -9999 -9999 -9999 -9999 -9999 0.4025484 0.7097544 0.7097544 0.3504294 0.02250289 0.1143235 0.1336927 0.6253973 0.6253973 -9999 -9999 0.00259855 0.00259855 -9999 0.01738856 0.01738856 -9999 -9999 0.02823754 -9999 0.1414721 0.1414721 -9999 0.01274954 0.03659896 -9999 -9999 -9999 -9999 -9999 0.04497541 -9999 -9999 -9999 0.0256882 0.04097317 0.332947 0.2642355 0.8890904 0.8890904 0.7689979 0.6957933
-9999 -9999 -9999 -9999 -9999 -9999 -9999 0.00149796 -9999 -9999 -9999 0.0006449954 0.3272109 -9999 -9999 0.3111535 0.6633611 0.6633611 0.2308182 0.2308182 -9999 -9999 -9999 -9999 0.2548407 0.9582732 -9999 -9999 -9999 -9999 -9999 -9999 -9999 0.1675448 0.2920392 0.5344332 0.09649767 -9999 0.4630119 0.4630119 0.2113807 0.2113807 -9999 -9999 0.01240269 0.01240269 -9999 0.1520973 0.1300549 2.996817e-005 0.09005771 0.1325702 0.1439516 0.1529449 0.3309653 0.04568578 0.504522 0.504522 -9999 -9999 -9999 -9999 -9999 0.0180977 0.1252367 -9999 -9999 0.06275973 0.04097317 0.332947 0.332947 0.2642355 0.2103393 0.2170036 0.2170036
0.8479863 0.8479863 -9999 -9999 -9999 -9999 -9999 -9999 -9999 -9999 0.301284 0.3671375 0.2831051 0.7804449 0.7804449 -9999 0.07979912 0.3448689 0.3448689 0.2308182 -9999 -9999 -9999 0.08895109 0.2548407 0.9582732 0.9582732 0.6464062 -9999 -9999 -9999 0.2584986 0.5095721 0.1675448 0.2920392 0.5381203 -9999 -9999 0.7426716 0.7426716 0.1131928 0.1352767 -9999 -9999 0.02088501 0.01864664 0.003683231 0.1520973 0.1520973 0.1507586 0.1507586 0.2022479 0.07086761 0.06757303 0.3309653 0.783484 0.9699437 0.9699437 -9999 0.009627233 0.4783593 0.1623662 0.02532273 -9999 0.05635063 -9999 0.04043178 0.1435543 0.03657746 0.01601953 0.1795391 -9999 -9999 -9999 8.344126e-006
0.8479863 0.8479863 0.8751278 0.8751278 0.9115101 0.9974723 0.9997386 1 1 1 0.301284 0.3671375 0.3671375 0.7804449 0.7804449 -9999 0.4653009 -9999 -9999 -9999 -9999 -9999 -9999 -9999 0.1254187 0.8593696 0.8593696 0.6464062 0.1083151 0.445281 -9999 0.03085854 0.5095721 0.01924411 0.05700248 0.5381203 0.5381203 0.1193285 0.7426716 0.7426716 0.1270196 -9999 0.009154623 0.002552542 -9999 -9999 0.07407606 0.5083297 0.137699 0.2235071 0.1507586 0.02789353 0.07086761 0.1173253 0.1600143 0.783484 0.9699437 0.9699437 0.01496442 0.2835037 0.4783593 0.4783593 0.02319073 0.04481522 0.05635063 0.02605566 0.02542292 0.1435543 -9999 0.009431287 0.005131308 0.06835156 0.00111368 -9999 0.003153241
0.2148093 0.2148093 0.8751278 0.8751278 0.9115101 0.9974723 0.9997386 1 1 1 1 -9999 -9999 -9999 -9999 0.006048197 0.4653009 0.4653009 -9999 -9999 -9999 -9999 -9999 -9999 0.1254187 0.1254187 0.1043221 -9999 0.1083151 0.445281 0.8326862 -9999 0.09889654 0.4490102 0.006816347 0.4054271 0.4054271 0.1033787 0.2611065 0.2611065 0.1960301 0.2814674 0.006631673 0.01975115 0.2120248 0.2120248 0.1849255 0.5083297 0.137699 0.2235071 0.04157218 0.1235103 0.04090903 0.1259958 0.08196498 0.20753 0.20753 0.08168069 -9999 0.2835037 0.3796161 -9999 0.02319073 0.03357636 0.03357636 0.01825227 0.008830331 0.005846524 -9999 -9999 -9999 0.006825446 0.02124877 -9999 0.01108096
0.01092551 0.02272387 0.240493 0.3564526 0.2045489 0.5493791 0.9974443 0.9974443 0.9973778 1 1 -9999 -9999 0.3459413 0.741854 0.8373879 0.8373879 0.7972791 -9999 -9999 -9999 -9999 -9999 -9999 0.04652863 0.1851969 0.1853036 0.1853036 -9999 0.3416129 0.8326862 0.8326862 0.6846245 0.4490102 7.401633e-006 0.3630363 -9999 -9999 -9999 -9999 0.1178863 0.1538941 0.1538941 0.004931498 0.2120248 0.2120248 0.1849255 0.09749544 0.5259594 0.5259594 0.2186393 -9999 0.148589 0.1259958 0.1259958 0.05883332 -9999 0.07242697 0.0373577 -9999 -9999 -9999 -9999 0.03357636 0.03357636 -9999 0.007755802 0.005846524 -9999 -9999 0.4297606 0.4297606 0.04091971 -9999 -9999
-9999 -9999 0.30068 0.30068 0.4458343 0.08614441 0.2043853 0.6360716 0.7612678 0.804342 0.804342 0.721009 0.721009 0.3459413 0.741854 0.8373879 0.8373879 0.7972791 0.7972791 -9999 -9999 -9999 0.1233102 -9999 0.02000357 0.1851969 0.1851969 0.4507037 0.785511 0.785511 0.4790894 0.6846245 0.6846245 0.4425549 0.03917082 0.03917082 0.03002395 -9999 -9999 0.04196898 -9999 -9999 0.0001573755 0.02303685 0.07076724 0.001206731 -9999 0.009886867 0.5259594 0.5259594 0.2186393 0.05916108 0.148589 0.03299612 0.003171762 0.008738785 0.01309134 0.01426106 -9999 0.10772 0.10772 -9999 -9999 -9999 -9999 -9999 -9999 -9999 -9999 0.0123002 0.4297606 0.4297606 0.01189432 0.1025057 0.04242818
-9999 -9999 0.30068 0.30068 0.4458343 0.4458343 -9999 -9999 0.009847386 0.03286387 0.05712771 0.190502 0.190502 0.1862046 0.07275578 0.5861609 0.5861609 0.5564838 0.2449841 0.2449841 0.3876465 0.3876465 0.05656432 0.05656432 -9999 -9999 0.2088474 0.7641879 0.9767038 0.9767038 -9999 -9999 -9999 0.2543695 -9999 0.175989 -9999 -9999 -9999 0.006893925 0.00404121 0.1020557 0.001093346 0.04113464 -9999 0.009108098 0.000204061 0.0003644135 -9999 0.08884967 0.04493782 0.0348167 -9999 -9999 0.08082642 0.1088246 0.01165338 0.01426106 0.01056653 -9999 0.0562466 -9999 -9999 -9999 -9999 0.01457539 -9999 0.2217385 0.001832535 0.02271253 -9999 0.0006888291 0.0006016481 0.03636035 0.03636035
0.005275163 0.005275163 -9999 0.01716883 -9999 -9999 -9999 -9999 0.06274022 0.06274022 -9999 0.05771894 0.05771894 0.01779038 0.08041839 0.1436003 0.3849739 0.3849739 0.1738504 0.1560662 0.1454009 0.1789945 0.1789945 0.01033041 -9999 -9999 0.5363553 0.7641879 0.9767038 0.9767038 -9999 -9999 0.1104726 0.3692471 0.3692471 0.05253335 -9999 -9999 0.1126304 -9999 -9999 -9999 0.01265898 0.2865505 0.0006168882 -9999 0.163226 -9999 0.07638551 -9999 0.1314614 0.13083 0.008342005 0.009121888 0.08082642 0.03866832 0.08705621 0.05038963 0.03995072 4.715205e-005 0.008798997 -9999 0.004896303 0.1357251 -9999 -9999 0.007875368 -9999 0.06442336 0.04449803 0.02595076 0.07125928 0.02514093 0.003485655 0.0235259
-9999 -9999 -9999 -9999 -9999 -9999 -9999 -9999 -9999 -9999 0.01391962 -9999 -9999 0.008655932 0.008655932 -9999 -9999 -9999 0.001494461 0.02724288 0.0004707091 0.004494012 0.02125006 -9999 -9999 -9999 0.5363553 0.5797716 0.7310296 0.7310296 -9999 -9999 0.1168642 0.3692471 0.3692471 0.2202121 -9999 -9999 0.1126304 0.04335652 0.05115219 0.03899369 0.1656331 0.2865505 0.005637123 0.009823732 0.04155024 -9999 0.1456245 0.05237145 0.1314614 0.13083 0.0976243 0.0976243 0.03408876 0.3174929 0.3174929 0.08705621 0.03995072 0.03168589 0.03168589 0.06086572 0.09282485 0.06427806 -9999 -9999 0.00668933 0.002408233 0.01192257 0.02554017 0.04171931 0.02595076 0.0008382723 0.006501039 0.03698562
-9999 -9999 -9999 0.01234619 -9999 -9999 -9999 0.02270571 -9999 -9999 0.01391962 -9999 0.001675472 -9999 -9999 0.003310112 -9999 -9999 0.004641127 -9999 -9999 0.07696535 0.07696535 0.06284757 0.001438047 0.30948 0.30948 0.3051482 0.7310296 0.7310296 -9999 -9999 0.1168642 0.0238323 0.08038276 0.2202121 0.002285001 0.004328927 0.007165038 0.004176816 0.02273382 0.01506426 0.1656331 0.1749745 0.03023979 0.0214593 -9999 -9999 0.1456245 -9999 0.03175268 0.04126158 0.227239 0.04257831 0.2814834 0.3174929 0.3174929 0.259884 0.0119915 0.02581028 0.0004317837 -9999 0.09282485 0.01534003 -9999 -9999 -9999 0.01918682 0.002157168 0.002036395 0.04171931 0.101437 0.09523806 0.09523806 0.03698562
-9999 0.1876655 0.6281651 0.07296935 -9999 0.1723578 0.02100014 0.2054614 0.2054614 -9999 -9999 -9999 0.0008781534 0.002469793 -9999 0.003310112 0.007026073 -9999 -9999 -9999 0.1096079 0.1096079 0.03304559 -9999 -9999 0.30948 0.30948 0.1718498 0.1718498 0.02796525 -9999 0.04654962 -9999 0.0002288721 0.08038276 0.03187066 0.2114256 0.05149198 0.1286121 -9999 0.6036078 -9999 0.0112318 0.0112318 0.03023979 0.04328073 -9999 0.03834899 0.2906218 0.2906218 0.1425329 0.1425329 0.227239 0.04257831 0.2814834 0.2005493 0.3418356 0.3418356 0.08701866 0.08701866 0.2528014 0.2528014 0.1167746 0.008121558 -9999 0.01519769 -9999 0.1172074 0.04391584 0.08405221 0.01438357 0.01438357 0.01716257 7.164348e-005 0.01603814
0.1651013 0.1876655 0.6281651 0.6281651 -9999 0.1723578 -9999 0.115291 0.115291 -9999 -9999 -9999 -9999 -9999 -9999 0.02965079 -9999 -9999 0.002782893 -9999 0.0002297096 5.306233e-005 0.07908357 -9999 -9999 -9999 -9999 0.03419935 -9999 -9999 0.1630861 0.01131238 0.05715677 -9999 0.0226624 -9999 0.2114256 0.2114256 0.07453389 0.07453389 0.6036078 0.01853268 0.02113675 0.03221561 0.2121348 0.2121348 0.01860723 0.1356371 0.2906218 0.2906218 -9999 -9999 0.003884844 -9999 0.02194561 0.2005493 0.2005493 0.1734394 0.1734394 0.1303535 0.2528014 0.2528014 0.2248526 0.1090064 0.1090064 0.1395064 0.0442464 0.0442464 0.06771435 0.01213516 -9999 0.02627077 0.0358312 -9999 -9999
0.0005317153 -9999 -9999 0.05870395 0.08696265 0.161428 0.06279887 0.02523065 -9999 -9999 -9999 -9999 -9999 -9999 0.001528669 0.03529882 -9999 0.0008645998 0.0265053 0.004424873 -9999 -9999 0.07908357 -9999 -9999 -9999 -9999 -9999 -9999 -9999 0.1630861 0.1630861 -9999 0.1646713 0.0552538 -9999 0.05090582 0.1743854 -9999 0.08463552 0.08463552 0.05729643 -9999 -9999 0.09427831 0.1815783 0.1815783 0.1356371 0.192587 -9999 -9999 -9999 -9999 -9999 0.2181332 0.4830696 0.006206791 -9999 0.03649982 0.0240869 0.00189699 0.1354596 0.1354596 0.06233187 0.06111075 0.1395064 0.1395064 0.05490417 0.06771435 0.007921034 0.01208397 0.02360233 -9999 -9999 -9999
